1.0000e+09 4.2594e-05 4.2603e-05 4.2605e-05 4.2606e-05 4.2607e-05
1.2328e+09 5.2508e-05 5.2521e-05 5.2525e-05 5.2526e-05 5.2527e-05
1.5199e+09 6.4727e-05 6.4748e-05 6.4753e-05 6.4755e-05 6.4756e-05
1.8738e+09 7.9789e-05 7.9821e-05 7.9829e-05 7.9831e-05 7.9833e-05
2.3101e+09 9.8353e-05 9.8401e-05 9.8413e-05 9.8417e-05 9.8420e-05
2.8480e+09 1.2123e-04 1.2131e-04 1.2132e-04 1.2133e-04 1.2133e-04
3.5112e+09 1.4942e-04 1.4954e-04 1.4956e-04 1.4957e-04 1.4958e-04
4.3288e+09 1.8417e-04 1.8434e-04 1.8438e-04 1.8439e-04 1.8440e-04
5.3367e+09 2.2697e-04 2.2723e-04 2.2729e-04 2.2731e-04 2.2733e-04
6.5793e+09 2.7970e-04 2.8009e-04 2.8018e-04 2.8022e-04 2.8024e-04
8.1113e+09 3.4464e-04 3.4524e-04 3.4538e-04 3.4543e-04 3.4546e-04
1.0000e+10 4.2461e-04 4.2552e-04 4.2574e-04 4.2581e-04 4.2586e-04
1.2328e+10 5.2305e-04 5.2443e-04 5.2477e-04 5.2487e-04 5.2496e-04
1.5199e+10 6.4420e-04 6.4629e-04 6.4680e-04 6.4696e-04 6.4709e-04
1.8738e+10 7.9322e-04 7.9640e-04 7.9717e-04 7.9742e-04 7.9762e-04
2.3101e+10 9.7644e-04 9.8127e-04 9.8244e-04 9.8281e-04 9.8311e-04
2.8480e+10 1.2016e-03 1.2089e-03 1.2107e-03 1.2112e-03 1.2117e-03
3.5112e+10 1.4779e-03 1.4890e-03 1.4917e-03 1.4926e-03 1.4933e-03
4.3288e+10 1.8169e-03 1.8337e-03 1.8378e-03 1.8391e-03 1.8402e-03
5.3367e+10 2.2322e-03 2.2577e-03 2.2639e-03 2.2659e-03 2.2675e-03
6.5793e+10 2.7402e-03 2.7787e-03 2.7882e-03 2.7912e-03 2.7936e-03
8.1113e+10 3.3605e-03 3.4187e-03 3.4330e-03 3.4376e-03 3.4413e-03
1.0000e+11 4.1163e-03 4.2041e-03 4.2258e-03 4.2327e-03 4.2383e-03
1.2328e+11 5.0346e-03 5.1670e-03 5.1998e-03 5.2102e-03 5.2188e-03
1.5199e+11 6.1467e-03 6.3458e-03 6.3954e-03 6.4112e-03 6.4242e-03
1.8738e+11 7.4880e-03 7.7867e-03 7.8616e-03 7.8856e-03 7.9052e-03
2.3101e+11 9.0976e-03 9.5444e-03 9.6575e-03 9.6938e-03 9.7235e-03
2.8480e+11 1.1018e-02 1.1684e-02 1.1854e-02 1.1909e-02 1.1954e-02
3.5112e+11 1.3291e-02 1.4279e-02 1.4535e-02 1.4618e-02 1.4686e-02
4.3288e+11 1.5958e-02 1.7417e-02 1.7800e-02 1.7925e-02 1.8027e-02
5.3367e+11 1.9053e-02 2.1193e-02 2.1767e-02 2.1954e-02 2.2108e-02
6.5793e+11 2.2599e-02 2.5712e-02 2.6567e-02 2.6848e-02 2.7080e-02
8.1113e+11 2.6598e-02 3.1086e-02 3.2353e-02 3.2772e-02 3.3120e-02
1.0000e+12 3.1026e-02 3.7424e-02 3.9292e-02 3.9915e-02 4.0434e-02
1.2328e+12 3.5826e-02 4.4825e-02 4.7560e-02 4.8483e-02 4.9256e-02
1.5199e+12 4.0902e-02 5.3366e-02 5.7337e-02 5.8696e-02 5.9841e-02
1.8738e+12 4.6129e-02 6.3085e-02 6.8793e-02 7.0779e-02 7.2465e-02
2.3101e+12 5.1361e-02 7.3957e-02 8.2067e-02 8.4945e-02 8.7410e-02
2.8480e+12 5.6453e-02 8.5884e-02 9.7241e-02 1.0137e-01 1.0494e-01
3.5112e+12 6.1287e-02 9.8671e-02 1.1431e-01 1.2016e-01 1.2529e-01
4.3288e+12 6.5794e-02 1.1203e-01 1.3316e-01 1.4132e-01 1.4858e-01
5.3367e+12 6.9962e-02 1.2562e-01 1.5352e-01 1.6470e-01 1.7485e-01
6.5793e+12 7.3822e-02 1.3903e-01 1.7498e-01 1.8999e-01 2.0393e-01
8.1113e+12 7.7429e-02 1.5193e-01 1.9698e-01 2.1668e-01 2.3542e-01
1.0000e+13 8.0837e-02 1.6405e-01 2.1891e-01 2.4409e-01 2.6872e-01
1.2328e+13 8.4090e-02 1.7528e-01 2.4015e-01 2.7145e-01 3.0298e-01
1.5199e+13 8.7220e-02 1.8564e-01 2.6025e-01 2.9799e-01 3.3725e-01
1.8738e+13 9.0250e-02 1.9525e-01 2.7893e-01 3.2312e-01 3.7056e-01
2.3101e+13 9.3199e-02 2.0426e-01 2.9616e-01 3.4649e-01 4.0214e-01
2.8480e+13 9.6083e-02 2.1279e-01 3.1210e-01 3.6806e-01 4.3154e-01
3.5112e+13 9.8919e-02 2.2093e-01 3.2698e-01 3.8800e-01 4.5868e-01
4.3288e+13 1.0172e-01 2.2876e-01 3.4101e-01 4.0660e-01 4.8376e-01
5.3367e+13 1.0450e-01 2.3631e-01 3.5437e-01 4.2412e-01 5.0712e-01
6.5793e+13 1.0728e-01 2.4364e-01 3.6717e-01 4.4079e-01 5.2912e-01
8.1113e+13 1.1007e-01 2.5076e-01 3.7949e-01 4.5676e-01 5.5003e-01
1.0000e+14 1.1290e-01 2.5772e-01 3.9141e-01 4.7212e-01 5.7004e-01
1.2328e+14 1.1577e-01 2.6454e-01 4.0297e-01 4.8697e-01 5.8929e-01
1.5199e+14 1.1873e-01 2.7124e-01 4.1422e-01 5.0136e-01 6.0787e-01
1.8738e+14 1.2180e-01 2.7784e-01 4.2521e-01 5.1536e-01 6.2588e-01
2.3101e+14 1.2501e-01 2.8438e-01 4.3595e-01 5.2901e-01 6.4338e-01
2.8480e+14 1.2841e-01 2.9088e-01 4.4650e-01 5.4234e-01 6.6042e-01
3.5112e+14 1.3204e-01 2.9737e-01 4.5688e-01 5.5542e-01 6.7707e-01
4.3288e+14 1.3596e-01 3.0388e-01 4.6712e-01 5.6826e-01 6.9336e-01
5.3367e+14 1.4023e-01 3.1045e-01 4.7726e-01 5.8091e-01 7.0934e-01
6.5793e+14 1.4495e-01 3.1712e-01 4.8734e-01 5.9340e-01 7.2505e-01
8.1113e+14 1.5020e-01 3.2394e-01 4.9740e-01 6.0578e-01 7.4055e-01
1.0000e+15 1.5609e-01 3.3097e-01 5.0747e-01 6.1809e-01 7.5586e-01
1.2328e+15 1.6276e-01 3.3828e-01 5.1762e-01 6.3038e-01 7.7104e-01
1.5199e+15 1.7036e-01 3.4595e-01 5.2791e-01 6.4269e-01 7.8614e-01
1.8738e+15 1.7908e-01 3.5407e-01 5.3839e-01 6.5510e-01 8.0121e-01
2.3101e+15 1.8910e-01 3.6277e-01 5.4915e-01 6.6767e-01 8.1632e-01
2.8480e+15 2.0067e-01 3.7217e-01 5.6030e-01 6.8048e-01 8.3154e-01
3.5112e+15 2.1404e-01 3.8246e-01 5.7193e-01 6.9364e-01 8.4696e-01
4.3288e+15 2.2950e-01 3.9381e-01 5.8420e-01 7.0725e-01 8.6268e-01
5.3367e+15 2.4736e-01 4.0648e-01 5.9727e-01 7.2146e-01 8.7880e-01
6.5793e+15 2.6795e-01 4.2074e-01 6.1132e-01 7.3644e-01 8.9548e-01
8.1113e+15 2.9161e-01 4.3690e-01 6.2660e-01 7.5237e-01 9.1287e-01
1.0000e+16 3.1870e-01 4.5538e-01 6.4339e-01 7.6950e-01 9.3119e-01
1.2328e+16 3.4958e-01 4.7660e-01 6.6202e-01 7.8812e-01 9.5065e-01
1.5199e+16 3.8462e-01 5.0108e-01 6.8290e-01 8.0856e-01 9.7157e-01
1.8738e+16 4.2417e-01 5.2943e-01 7.0649e-01 8.3123e-01 9.9426e-01
2.3101e+16 4.6864e-01 5.6232e-01 7.3336e-01 8.5663e-01 1.0192e+00
2.8480e+16 5.1843e-01 6.0048e-01 7.6416e-01 8.8531e-01 1.0468e+00
3.5112e+16 5.7401e-01 6.4474e-01 7.9966e-01 9.1797e-01 1.0776e+00
4.3288e+16 6.3591e-01 6.9598e-01 8.4074e-01 9.5541e-01 1.1125e+00
5.3367e+16 7.0476e-01 7.5512e-01 8.8842e-01 9.9856e-01 1.1521e+00
6.5793e+16 7.8126e-01 8.2314e-01 9.4382e-01 1.0485e+00 1.1976e+00
8.1113e+16 8.6621e-01 9.0101e-01 1.0082e+00 1.1065e+00 1.2499e+00
1.0000e+17 9.6049e-01 9.8970e-01 1.0830e+00 1.1739e+00 1.3106e+00
1.2328e+17 1.0651e+00 1.0902e+00 1.1697e+00 1.2524e+00 1.3810e+00
1.5199e+17 1.1812e+00 1.2035e+00 1.2697e+00 1.3435e+00 1.4629e+00
1.8738e+17 1.3099e+00 1.3307e+00 1.3849e+00 1.4493e+00 1.5582e+00
2.3101e+17 1.4525e+00 1.4730e+00 1.5167e+00 1.5716e+00 1.6692e+00
2.8480e+17 1.6107e+00 1.6316e+00 1.6668e+00 1.7124e+00 1.7980e+00
3.5112e+17 1.7859e+00 1.8081e+00 1.8368e+00 1.8739e+00 1.9471e+00
4.3288e+17 1.9800e+00 2.0043e+00 2.0284e+00 2.0580e+00 2.1192e+00
5.3367e+17 2.1950e+00 2.2222e+00 2.2434e+00 2.2668e+00 2.3167e+00
6.5793e+17 2.4329e+00 2.4640e+00 2.4837e+00 2.5025e+00 2.5423e+00
8.1113e+17 2.6962e+00 2.7324e+00 2.7515e+00 2.7671e+00 2.7985e+00
1.0000e+18 2.9875e+00 3.0301e+00 3.0495e+00 3.0630e+00 3.0880e+00
