z D wave EW(mA) err logN err (1 for upper limit) (-1 for lower limit)     
0.2274 78 1031 33 1 13.41 1  
0.2274 78 1037 33 1 13.72 1                  
0.2197 83 1031 297  15   14.55 0.03  
0.2197  83  1037  146  17   14.47 0.05                     
0.2641 135  1037  90  26   14.28 0.13   
0.1427 112  1031  304  64  14.56 -1    
0.2443 101  1031 408  28   14.69 0.04  
0.2443 101  1037 192  26   14.59 0.06              
0.1540  91  1037 121 1 14.30 1                    
0.2623 110  1037 35 1 13.80 1            
0.1431 149  1031 79 1  13.83 1        
0.1431 149 1037 75 1 14.08 1                 
0.3530  92  1031  195  22 14.43 -1   
0.3530  92  1037  117  24 14.48 -1               
0.2284 121  1031 46 1 13.58 1       
0.2284 121   1037 88 1  14.17 1                  
0.2119  91   1031 156  22   14.22 0.05 
0.2119  91   1037  95  22   14.28 0.09          
0.2278  60   1031 541  23   14.90 0.03 
0.2278  60  1037 556  32   15.16 0.03              
0.3557  44  1031  789  31  15.03 -1   
0.3557  44  1037  474  32   15.00 0.03               
0.2520  23  1031  611  26   14.85 0.02 
0.2520  23  1037   395  24   14.91 0.03                  
0.1661  44  1031 339  30   14.64 0.04  
0.1661  44   1037 160  34   14.58 0.08                    
0.2467  53   1031  321  29   14.53 0.04 
0.2467  53   1037  186  43   14.63 0.09                       
0.2367  18   1031  251  37   14.41 0.07 
0.2367  18   1037  106 1  14.33 1                   
0.1545  55  1037 158  25   14.50 0.07  
0.1638  19   1031   63 1 13.70 1       
0.1638  19   1037 75 1 14.04  1      
0.2737 154  1031  238  23   14.42 0.05  
0.2737 154   1037  164  25   14.54 0.07                   
0.3185  32   1031  394  26   14.70 0.03  
0.3185  32  1037  246  23   14.71 0.04               
0.2221 132  1031  219  15   14.37 0.03  
0.2221 132   1037 186  20   14.54 0.05                
0.2178  93 1031  345  17   14.71 0.02 
0.2178  93   1037  189  20   14.66 0.05                     
0.2053  20  1031  436  19   14.79 0.02 
0.2053  20   1037  336  18   14.86 0.02                  
0.1925 112  1031  165  23   14.33 0.05 
0.1925 112  1037  79  23   14.29 0.10                
0.2142  37  1031  276  15   14.51 0.03 
0.1924  87   1031  258  25   14.44 0.04  
0.1924  87   1037  121  25   14.37 0.08                       
0.2270  35   1031  351  21   14.56 0.03 
0.2270  35   1037  266  19   14.70 0.03                 
0.2013  32  1031  21 1 13.28  1    
0.2013  32   1037  26 1  13.59 1                 
0.1792  88  1037  133  21   14.44 0.07         
0.2024  39   1031  460  27   14.74 0.03  
0.2024  39  1037  324  32   14.85 0.05             
0.2623  83   1037 187  21   14.58 0.05 
0.2460 143   1031 181  45 14.37 -1      
0.2460 143   1037 105  1 14.42   1                   
0.2176 113   1031  224  26   14.33 0.06 
0.2176 113   1037  132  27   14.43 0.09              
0.3125 102  1031 48  16   13.65 0.15 
0.3125 102  1037 34  1 13.80 1                  
0.3218 150   1031  46 1 13.69 1       
0.1893  34  1031 311  24   14.59 0.05  
0.1893  34  1037   241  35   14.73 0.06                 
0.1414  97  1031  146  18   14.17 0.05  
0.1414  97  1037  94  16   14.24 0.07                   
0.1768 116  1037  119  1 14.35  1  
