Summary of Galaxy and Absorber Properties; err of 1 means upper limit
QSO	ID	N _gal	z _gal	logMstar err  SFR err  d _proj  d _proj/R200  logzi/G	 logNOVI errl erru	
J0454	s1	4	0.4315	10.4  0.1	0.1   1	        82	0.56	10.1	13.89 0.03 0.03
J0357	s2	1	0.4358	10.5  0.1	0.6  0.2        66	0.44	10.0	14.49 0.02 0.02	
J0154	s3	1	0.4393	10.5  0.1	0.8  0.4	452	2.92	9.2	12.8 1 1
J0028	s4	1	0.4420	9.2  0.1	0.3  0.2	197	2.06	8.9	12.9 1 1	
J0357	s5	1	0.4490	8.2  0.1	0.2  0.1	66	0.95	9.0	0 0 0	
J2135	s6	3	0.4499	9.6  0.1	2.1  0.3	142	1.33	9.9	14.35 0.02 0.02	
J0119	s7	5	0.4519	10.5  0.1	1.3  0.3	140	0.95	9.9	14.16 0.03 0.02	
J0154	s8	1	0.4551	7.9  0.4	0.2  0.1	43	0.69	9.0	13.0	1 1	
J0119	s9	1	0.4668	8.6  0.2	0.3  0.2	215	2.65	8.7	13.0 1 1	
J0111	s10	1	0.4669	8.3  0.3	0.1  0.1	91	1.28	8.9	13.86 0.06 0.05	
J0114	s11	3	0.4671	9.9 0.2 	1.4  0.3	239	2.04	9.4	13.87 0.11 0.08
J0154	s12	21	0.4679	10.0 0.1	0.3  0.1	98	0.84	10.5	14.53 0.02 0.02
J0110	s13	2	0.4725	10.0  0.1	0.5  0.2	53	0.45	9.8	14.55 0.02 0.02
J0119	s14	1	0.4727	9.6  0.1	0.9  0.2	250	2.40	8.9	13.2	1 1	
J0028	s15	4	0.4743	8.4  0.2	0.2  0.1	95	1.26	9.5	13.63 0.07 0.07
J2308	s16	1	0.4781	10.0  0.1	1.0  0.3	195	1.62	9.2	14.24 0.03 0.03
J0357	s17	6	0.4786	8.4  0.1	0.1  0.1	47	0.62	10.3	12.9 1 1
J2339	s18	5	0.4801	10.3  0.1	0.4  0.2	191	1.44	9.9	14.9 1 1
J0154	s19	1	0.4813	11.3  0.1	0.1  1	        756	1.64	10.4	13.2	1 1
J2245	s20	1	0.4894	9.8  0.1	0.1  0.1	137	1.22	9.3	13.5	1 1	
J0333	s21	1	0.5010	10.6  0.1	0.4  0.2	360	2.33	9.3	12.7	1 1	
J0154	s22	2	0.5072	8.4  0.4	0.1  0.1	170	2.26	8.9	13.91 0.04 0.04
J2135	s23	1	0.5083	8.7  0.2	0.2  0.1	65	0.81	9.2	13.90 0.05 0.05
J0111	s24	1	0.5140	8.7  0.2	0.3  0.2	238	2.94	8.6	12.7	1 1	
J0028	s25	3	0.5198	10.6  0.1	5.3  0.8	414	2.69	10.2	12.8	1 1	
J0248	s26	1	0.5205	9.1  0.1	0.1  1	        137	1.52	9.0	13.2	1 1	
J0420	s27	7	0.5247	11.3  0.1	0.2  1	        1203	2.76	10.2	13.3	1 1
J0248	s28	3	0.5265	11.3  0.1	0.1  1  	940	2.07	10.3	13.2	1 1
J2339	s29	1	0.5277	8.8  0.1	0.4  0.2	218	2.58	8.7	13.6	1 1	
J0357	s30	1	0.5306	9.5  0.1	1.1  0.3	244	2.41	8.9	13.3	1 1	
J2245	s31	9	0.5338	8.1  0.4	0.1  0.1	59	0.89	10.3	13.0	1 1	
J2308	s32	1	0.5364	9.6  0.1	2.2  0.3	228	2.23	9.0	13.99 0.05 0.06
J0111	s33	1	0.5367	9.4  0.1	0.6  0.2	222	2.31	8.9	13.2	1 1
J0110	s34	10	0.5406	11.2  0.1	0.6  0.3	364	0.88	10.7	13.80 0.08 0.06
J0333	s35	4	0.5410	8.8  0.2	0.1  0.1	196	2.34	9.9	13.1	1 1	
J0028	s36	1	0.5421	10.6  0.1	0.2  0.1	364	2.26	9.4	13.6	1 1	
J2308	s37	1	0.5426	10.0  0.1	1.9  0.4	33	0.28	10.0	14.79 0.02 0.02
J0248	s38	1	0.5451	9.2  0.2	0.5  0.1	257	2.77	8.8	13.3	1 1	
J0110	s39	1	0.5462	11.0  0.1	0.1  1  	794	2.56	9.9	13.3	1 1	
J2135	s40	1	0.5465	9.7  0.1	0.8  0.2	176	1.67	9.1	13.1	1 1	
J0154	s41	18	0.5491	10.6  0.1	0.3  0.1	174	1.10	10.9	13.2	1 1	
J0357	s42	5	0.5497	8.7  0.2	0.3  0.1	148	1.86	9.5	13.3	1 1	
J0420	s43	5	0.5533	11.0  0.1	0.3  0.2	403	1.54	10.0	13.4	1 1
J0119	s44	1	0.5534	9.5  0.1	8.6  1.3	190	1.89	9.0	13.5	1 1
J0357	s45	2	0.5561	8.9  0.1	1.4  0.2	98	1.14	9.2	13.5	1 1
J0420	s46	7	0.5600	11.2  0.1	0.1  1  	794	1.99	10.4	13.2	1 1	
J0111	s47	1	0.5630	9.2  0.1	0    0	        159	1.72	9.0	13.1	1 1
J0454	s48	1	0.5681	8.8  0.2	0    0  	161	1.93	8.9	13.5	1 1	
J2135	s49	2	0.5717	8.6  0.1	0    0  	92	1.19	9.2	14.18 0.04 0.04
J2339	s50	4	0.5728	8.4 0.1	        0    0  	53	0.73	9.6	14.64 0.03 0.04
J0111	s51	8	0.5766	10.6  0.1	0.1  1  	41	0.26	10.5	13.5	1 1
J2245	s52	1	0.5785	10.9  0.1	0.1  1  	509	2.54	9.5	13.6	1 1	
J0454	s53	2	0.5811	11.3 0.1	0.5  1  	639	1.41	10.5	13.4	1 1	
J0119	s54	1	0.5812	8.9 0.3	        0.1  0.1	222	2.62	8.8	13.3	1 1	
J2339	s55	1	0.5816	9.1  0.2	0.5  0.2	225	2.50	8.8	13.3	1 1	
J0357	s56	4	0.5835	10.9  0.1	1.8  0.6	277	1.26	10.0	13.87 0.06 0.06
J0420	s57	2	0.5838	9.0  0.1	0.2 0.1	79	0.90	9.7	14.45 0.03 0.03
J2245	s58	2	0.5865	10.1 0.1	0.5  0.3	115	0.98	9.6	14.11 0.06 0.05
J0333	s59	2	0.5872	10.8  0.1	1.1  0.4	332	1.82	9.7	13.3	1 1	
J0114	s60	1	0.5887	10.5  0.1	1.1  0.4	374	2.67	9.2	13.5	1 1	
J0154	s61	4	0.5890	11.2  0.1	0.5  1  	967	2.37	10.2	13.7	1 1	
J0028	s62	1	0.5960	10.6  0.1	0.1  0.1	287	1.92	9.4	13.6	1 1
J0454	s63	1	0.6011	10.5  0.1	0.1  1  	161	1.15	9.6	13.2	1 1
J0119	s64	9	0.6026	11.0  0.1	0.1  1  	549	1.83	10.4	13.2	1 1
J0357	s65	1	0.6076	9.7  0.2	0.1  1  	220	2.14	9.0	13.4	1 1	
J0119	s66	10	0.6082	11.0  0.1	0.1  1  	775	2.69	10.8	13.95 0.08 0.07
J0110	s67	1	0.6097	9.6  0.1	1.6  0.4	266	2.65	8.9	13.0	1 1	
J0028	s68	1	0.6134	11.2  0.1	0.3  0.2	959	2.38	10.2	13.1	1 1	
J0154	s69	1	0.6141	10.5  0.1	0.1  1          158	1.10	9.6	13.5	1 1	
J0454	s70	1	0.6150	9.0  0.2	0.5  0.2	226	2.63	8.8	13.4	1 1	
J2308	s71	4	0.6161	11.1  0.1	0.7  0.4	712	2.13	10.1	13.7	1 1	
J2245	s72	5	0.6179	10.6 0.1	0.1  1  	173	1.17	10.1	13.9	1 1
J2135	s73	13	0.6221	11.0  0.1	0.7  0.2	128	0.46	10.9	14.84 0.12 0.32
J0357	s74	1	0.6258	9.1  0.1	1.9  0.2	153	1.73	9.0	13.6	1 1	
J0111	s75	2	0.6300	11.0  0.1	0.1  1  	501	1.93	10.0	13.1	1 1	
J2308	s76	1	0.6352	8.6 0.3	        0.1  0.1	214	2.79	8.7	13.3	1 1	
J2245	s77	5	0.6386	10.2  0.1	4.9  0.5	184	1.53	9.9	13.4	1 1	
J0111	s78	4	0.6483	10.9  0.1	0.1  1  	59	0.29	10.6	13.3	1 1	
J2245	s79	2	0.6610	11.2  0.1	0.1  1  	556	1.34	10.5	13.6	1 1
J0454	s80	3	0.6617	9.5  0.1	2.4  0.4	183	1.88	9.4	13.80 0.07 0.08
J0420	s81	2	0.6641	10.1  0.1	1.0  0.2	121	1.04	9.6	13.89 0.11 0.10
J2308	s82	2	0.6643	8.1  0.3	0.1  0.1	78	1.23	9.3	13.2	1 1	
J0248	s83	1	0.6645	7.7  0.1	0.3  0.2	46	0.83	8.9	13.1	1 1	
J0114	s84	2	0.6652	10.5  0.2	0.3  0.2	393	2.83	9.3	14.0	1 1
J2135	s85	1	0.6718	9.8  0.1	0.5  0.2	313	2.96	9.0	13.1	1 1
J2339	s86	2	0.6724	9.0  0.1	1.7  0.3	180	2.15	9.3	13.9	1 1	
J2135	s87	1	0.6758	7.8  0.3	0.1  0.1	33	0.59	9.1	13.70 0.13 0.10
J2339	s88	1	0.6779	8.2  0.2	0.3  0.2	86	1.33	8.9	13.4	1 1	
J0357	s89	3	0.6802	8.4  0.5	0.1  0.1	191	2.63	10.7	13.1	1 1
J0333	s90	1	0.6802	8.3 0.3 	0.1  0.1	158	2.25	8.7	13.2	1 1	
J0110	s91	2	0.6803	9.6  0.1	1.7  0.4	147	1.49	9.4	13.59 0.11 0.09
J0154	s92	1	0.6824	9.4  0.2	1.1  0.3	189	1.99	9.0	13.3	1 1	
J0248	s93	1	0.6885	8.7  0.2	0.1  1  	195	2.52	8.8	13.3	1 1	
J0111	s94	1	0.6898	10.9  0.1	0.2  1  	372	1.66	9.9	13.0	1 1	
J0357	s95	5	0.6922	8.7 0.5	        0.1  0.1	98	1.27	10.9	13.9	1 1	
J0454	s96	2	0.6938	10.6  0.1	0.2  1  	392	2.71	9.4	13.4	1 1
J0333	s97	1	0.6945	10.5  0.1	0.2  0.2	307	2.21	9.3	14.28 0.05 0.05
J0357	s98	4	0.7043	8.9  0.2	0.4  0.2	188	2.30	9.7	13.0	1 1
J0420	s99	2	0.7046	10.8  0.1	0.1  1  	295	1.60	9.8	14.06 0.10 0.19
J2135	s100	1	0.7046	10.2 0.1	0.3  0.2	346	2.86	9.1	13.6    1 1	
J0248	s101	4	0.7062	9.7  0.1	2.0  0.4	227	2.25	10.3	13.91 0.10 0.09
J0110	s102	3	0.7092	11.3  0.1	0.6  0.3	1186	2.83	10.3	13.2	1 1
J0119	s103	6	0.7182	11.4  0.1	0.2  1  	674	1.38	10.9	13.2	1 1
