redshift impact(kpc) logMstar SF1/NSF-1 R200(kpc) logN det0/UL1/LL-1
0.2252  80 10.9 -1  316 14.21 0  
0.1248 230  8.8 1  95 13.17 1
0.1992 224  9.2 1 107 13.1  1
0.2065  37  8.8 1  91 14.37 0 
0.2678  75 10.4 -1  176 13.14 1
0.2706 345 10.5 -1  187 13.1  1
0.2804 244  8.7 1  87 13.07 1
0.3341 346  9.6 1 120 13.05 1
0.3416 310  9.7 1 125 13.9   0
0.2274  78 10.5 -1  193 13.32 1
0.2976 309 10.1 -1  145 13.53 1
0.3345 354  9.1 1  99 13.55 1
0.3494 212  9.6 1 119 13.55 1
0.3619 263  9.3 1 105 13.53 1
0.473  367 11.1 1 427 13.92 1
0.5071 396  9.2 1  99 13.67 1
0.1735  73  9.4 1 117 13.7   0
0.1815 199  8.2 1  75 13.33 1
0.296   48  8.8 1  91 13.29 1
0.4341 191  9.1 1  99 14.2   0
0.2197  83  9.7 1 125 14.52  0
0.0923  72  8.3 1  78 13.06 1
0.0969 378 10.6 -1  206 13.7  0 
0.1534 195 10.1 1 152 12.83 1
0.1672 116 10.5 1 198 12.85 1
0.2032 280 10.1 1 152 12.68 1
0.2925 399  9.2 1 104 12.78 1
0.2978 253 10.2 1 155 13.61  0
0.3422 168  9.7 1 124 12.64 1
0.3506 235 10.4 1 171 12.75 1
0.3614 235 11.0 1 397 13.94  0
0.1745 268  9.7 1 127 13.41 1
0.2777 310 10.9 -1  348 13.41 1
0.2987 224 10.5 1 195 13.81  0
0.3077 151 10.3 1 160 14.25  0
0.1229  16  7.9 1  67 14.16  0
0.1436  57  8.6 1  87 13.04 1
0.1613  21  8.1 1  72 14.17  0
0.1416 241  9.2 -1  107 13.5  1
0.1473 189  8.2 1  75 13.5  1
0.1993 298  8.3 1  78 13.44 1
0.2662 232  9.5 1 118 13.53 1
0.3069 134  9.6 1 120 14.53  0
0.3397 276  8.8 1  90 13.42 1
0.4899 282  9.1 1  97 13.43 1
0.5152 321 10.8 1 294 13.76  0
0.5217 226  9.2 1  99 13.74  0
0.5326 393 10.5 -1  166 13.42 1
0.5632 320  9.6 1 111 13.85  0
0.0174  53 10.3 -1  172 14.34 1
0.1356 118  9.8 1 135 14.37  0
0.2857 298  9.9 1 137 13.82 1
0.2985 142  9.1 1 101 13.86 1
0.3041 399  8.3 1  76 13.82 1
0.4552 231 10.4 1 158 13.64 1
0.4676 178  9.9 1 125 13.7  1
0.4789 291  9.7 1 118 13.63 1
0.5323  76  9.8 1 119 14.22 0 
0.541   73  9.6 1 111 14.04  0
0.5786 377 10.6 1 175 14.2   0
0.5821 376 10.0 1 127 13.81 1
0.1427 112 10.2 1 158 14.56  0
0.2282 316 10.6 1 202 13.66 1
0.2443 101  9.7 1 128 14.65  0
0.3083 315  8.9 1  94 13.53 1
0.3111 335  8.6 1  84 13.56 1
0.5998 274 11.1 -1  466 13.66 1
0.154   91 10.4 -1  186 14.21 1
0.2086 341  8.7 1  89 13.74 1
0.2256 321  9.5 1 117 13.74 1
0.2328 235  8.8 1  92 14.41  0
0.2623 110 10.8 -1  274 13.71 1
0.3186 285 10.0 1 138 13.72 1
0.3495 361  9.4 1 110 13.83 1
0.3557 186 10.7 1 249 13.76 1
0.4158 146  9.2 1 101 13.93  0
0.4247 325  9.4 1 108 13.73 1
0.5763  42 10.7 -1  235 13.84 1
0.1431 149 10.8 -1  265 13.74 1
0.2284 121 10.5 1 192 13.49 1
0.353   92  9.5 1 113 14.48  0
0.4452 340  8.9 1  90 13.74 1
0.4076  42 10.8 1 273 14.93  0
0.2119  91 11.0 -1  400 14.24 0 
0.132  290 10.7 -1  239 13.21 1
0.2378  39  9.1 1 102 13.71 1
0.2824 274 10.8 -1  280 13.46 1
0.3741 155 10.4 1 171 13.39 1
0.4097 100  9.2 1 101 13.36 1
0.4161  28 10.2 1 144 14.56  0
0.594  220  9.8 1 117 13.52 1
0.1245 168  8.1 1  72 13.65 1
0.138   56  8.2 1  75 14.19  0
0.2128 258 11.1 -1  434 13.43 0 
0.2278  60  9.8 1 129 14.97  0
0.3557  44  9.7 1 122 15.0   0
0.1607 267 10.1 -1  155 13.73 1
0.1632  81  9.7 1 129 13.72 1
0.1661  44 10.2 1 158 14.63  0
0.1735 317  8.4 1  79 13.75 1
0.2197 329 10.5 1 191 14.3   0
0.2469 324 10.5 -1  188 13.57 1
0.252   23  9.5 1 119 14.87  0
0.264  166  9.2 1 105 13.74 1
0.3559 145  9.3 1 105 14.57  0
0.4735 215 10.2 1 142 13.71 1
0.2796 371 10.0 -1  139 13.61 1
0.3392 245  9.3 1 107 13.58 1
0.344  382  9.3 1 108 13.6  1
0.5976 271 10.5 1 170 13.75 1
0.2603 250  9.9 1 136 14.25  0
0.3279 320  8.8 1  91 13.51 1
0.2144 350 10.6 1 215 13.54 1
0.2762 273  8.9 1  93 13.6  1
0.449  128  9.1 1  98 13.52 1
0.4704 261 11.0 -1  410 14.15 1
0.1433 223  9.6 1 123 13.83 1
0.1548 310  9.4 1 116 13.87 1
0.1599 285  8.9 -1   95 13.9  1
0.1891 290  8.1 1  73 13.81 1
0.1984 395  8.6 1  86 13.78 1
0.2467  53 10.2 -1  154 14.54 0 
0.2689 161  9.4 1 113 13.87 1
0.3621 218  9.9 1 134 13.71 1
0.3718 284  9.2 1 103 13.68 1
0.4486 258 10.9 -1  342 13.77 1
0.4633 365  9.2 1 102 13.76 1
0.4766 130 10.5 1 177 13.77 1
0.5127 208  9.6 1 112 13.82 1
0.5813 375  9.7 1 115 13.85 1
0.4629  77 11.0 1 405 13.8   0
0.06   133  9.4 -1  119 13.47 0 
0.1312 331  9.3 1 113 13.98  0
0.1216 339 10.7 -1  238 13.41 1
0.1498 131  9.7 1 128 13.41 1
0.1553 114  9.8 1 135 14.11  0
0.4237  99 10.8 -1  304 13.79 0 
0.1545  55  9.7 1 128 14.5   0
0.2181 267  8.9 1  95 13.66 1
0.2367  18 10.8 -1  293 14.41 0 
0.2461 151  9.7 -1  124 14.78  0
0.4526 290 10.1 1 135 13.67 1
0.1477 372  8.2 1  76 13.66 1
0.1567 158  8.6 1  85 13.7  1
0.1599 371  8.9 1  97 13.7  1
0.2414 284 10.9 1 315 13.79 1
0.2472 250  9.8 1 131 14.13  0
0.2534 335  9.9 1 134 13.75 1
0.3287 219  9.9 1 132 13.62 1
0.3439 165 10.5 -1  187 14.4  0 
0.4315  60 10.8 -1  305 13.96  0
0.5023 312 11.2 -1  515 14.2  0 
0.1638  19 10.7 -1  231 13.61 1
0.0077 138  9.9 1 146 14.02 1
0.0511 137 10.3 1 172 14.26  0
0.1236  92 10.0 1 144 14.48  0
0.2737 154 10.4 -1  171 14.45 0 
0.0059  81  7.9 -1   67 13.05 1
0.1938 322 10.2 1 156 13.58 1
0.3185  32 10.1 1 145 14.71  0
0.3248 236  9.6 1 119 13.58 1
0.2221 132 10.4 1 183 14.41 0 
0.2053  20  9.6 1 123 14.82 0 
0.2178  93  9.6 1 121 14.7  0 
0.458  273  9.4 1 106 13.54 1
0.1925 112  9.4 1 116 14.32 0 
0.3896 102 10.8 1 292 13.33 1
0.0425 227 10.8 -1  292 14.43 0 
0.0944 353 11.0 -1  375 13.85 0
0.0022 114  8.5 1  85 13.61 0 
0.2142  37 10.4 1 183 14.51 0 
0.1924  87 10.0 1 146 14.43 0 
0.1586 174 11.1 -1  424 13.41 1
0.161  299 10.3 -1  173 13.89 0 
0.1782 248  8.9 1  95 13.64 1
0.2013  32 10.3 -1  167 13.19 1
0.227   35 10.5 1 184 14.6  0 
0.1387 116 10.1 -1  154 14.14 0 
0.3296 126 11.1 -1  456 13.46 1
0.4004  47 11.0 -1  418 14.0  0 
0.1792  88 10.3 1 165 14.44  0
0.2888  54  9.5 1 116 14.6  0 
0.3154 341  8.9 1  93 13.68 1
0.3257 141  9.6 1 118 13.69 1
0.3379 188  8.6 1  85 13.74 1
0.3995 364  9.0 1  96 13.59 1
0.4275  77  9.5 1 110 14.3  0 
0.4543 127  9.5 1 112 13.69 1
0.5799 166 10.0 1 127 13.86 1
0.1161 173  9.0 1 100 13.53 1
0.1384 208 10.4 1 184 13.81 0 
0.1839  63  8.8 1  93 14.15 0 
0.2515  75  8.8 1  90 14.42 0 
0.2715 256  8.6 1  85 13.24 1
0.2996 182 10.7 -1  254 13.12 1
0.3216 127  9.6 1 117 13.86 0 
0.3923 287 10.2 1 145 12.93 1
0.2024  39 10.6 1 217 14.77 0 
0.2623  83  9.9 1 136 14.58 0 
0.1413 352  8.2 1  74 14.02 1
0.1436  29  9.3 1 110 14.53 0 
0.2344 294  8.6 1  84 14.0  1
0.246  143  9.6 1 121 14.37 0 
0.3069 134  9.1 1 102 13.89 1
0.3449  69  8.6 1  85 13.96 1
0.3564  95  9.4 1 111 14.29 0 
0.3688 291  9.3 1 104 13.82 1
0.3746  62  8.8 1  89 14.05 0 
0.4516 334  9.3 1 105 13.87 1
0.5668 383  9.6 1 113 14.0  1
0.5703 201 10.5 1 165 14.66 0 
0.2176 113 10.2 1 158 14.36 0
0.1202  11 10.3 1 174 13.54 1
0.1319 383  8.6 1  87 13.42 1
0.1391  84  8.3 1  78 13.62 0 
0.1981 222  8.4 1  81 13.28 1
0.2217 224  9.9 1 139 13.23 1
0.2402 169  8.7 1  90 13.2  1
0.2708 323  8.9 1  96 13.31 1
0.3059 258  8.5 1  83 13.22 1
0.3286  75 10.5 1 179 13.24 1
0.385  365  8.8 1  89 13.14 1
0.0949  79  8.5 1  84 13.36 1
0.151  199  9.6 1 122 13.66 1
0.1586 367  7.8 1  65 13.61 1
0.1639 359  9.2 1 106 13.61 1
0.1705 198  8.6 1  85 13.77 1
0.181  221  8.4 1  80 13.78 1
0.1918 326 10.9 -1  331 13.62 1
0.2171  99 10.8 1 291 14.44 0 
0.3594 350  9.2 1 101 13.63 1
0.3682 286  9.2 1 104 13.6  1
0.3931 339  8.8 1  89 13.57 1
0.4736 156 11.0 -1  415 13.69 0 
0.3125 102 11.0 -1  410 13.81 1
0.3218 150 10.3 1 159 13.6  1
0.1234 155  8.0 1  69 13.35 1
0.1572 229  8.6 1  86 13.79 1
0.1893  34 10.0 1 144 14.63  0
0.2349 128  8.8 1  91 13.78 1
0.3643 136  9.8 1 128 14.06 0 
0.4632 339 10.9 1 315 13.7  1
0.1851 166 10.8 -1  302 14.49  0
0.128  225 10.5 -1  199 12.91 1
0.1215 157 10.0 1 150 13.68  0
0.0776 309  9.9 1 144 13.27 1
0.1326 228 10.9 -1  320 14.19  0
0.1764 354 10.8 1 274 14.11  0
0.1768 116 10.5 1 196 14.26 1
