0.02 12.855279373727761
0.05 12.855279373727761
0.06362795495392654 12.855279373727761
0.06119992409861386 12.855279373727761
0.0675695294081905 12.848085783204104
0.0938875566695939 12.848085783204104
0.11526613714653874 12.848085783204104
0.14251731697246398 12.848085783204104
0.18580794026077074 12.840896218088458
0.2257094155100354 12.840896218088458
0.2732047481894888 12.83371067612828
0.3690074339204344 12.819351652670433
0.45141006187078625 12.805008694835365
0.6010927483441669 12.769221469435587
0.7430742188569036 12.71928732070695
0.8261139375424951 12.669548439889926
0.9054637870469612 12.598830112714653
0.9681414009312266 12.52149578385889
1.0386199530414653 12.389034724940291

