z D EW(mA) err logN err (1 for upper limit) (-1 for lower limit)
0.2274 78 60 1 12.25 1
0.2197  83 66  1   12.26 1
0.2535  77 39  1  12.00 1
0.2641 135 227  18 13.01 0.04
0.1427 112 329  34 13.29 -1
0.2443 101 30  1 11.87 1
0.2475  83 1172  31 13.95 -1
0.1540  91 1156  19 14.06 -1
0.1431 149 111  1 12.49 1
0.3530  92 101  1  12.44 1
0.2284 121 58 1  12.20 1
0.2119  91 678  12 13.73 -1
0.2278  60 127  13 12.68 0.03 
0.3557  44 1331  14 14.04 -1
0.2520  23 745  18 13.55 -1
0.1661  44 454  26 13.34 -1
0.2467  53 77  20 12.38 0.09
0.2367  18 806  36 13.60 -1
0.1545  55 208 1  13.07 1
0.1638  19 74  1 12.38 1
0.3185  32 94 1  12.39 1
0.2221 132 445  11 13.37 -1
0.2178  93 67  1 12.32 1
0.2053  20 1024  24 13.91 -1
0.1925 112 32 1 11.92  1
0.2142  37 307  25 13.03 0.03 
0.1924  87 369  35 13.36 -1
0.2270  35 1434  12 14.08 -1
0.2013  32 29 1 11.88 1
0.1792  88 246  13 13.21  -1
0.2024  39 611  11 13.74 -1
0.2460 143 54  1 12.22 1
0.2176 113 115 1 12.55 1
0.2122  47 203  23 13.04 0.05 
0.3125 102 180   8 12.71 0.02 
0.3218 150 13 1 11.53 1
0.1893  34 314  31 13.26 0.05 
0.1414  97 59 1 12.23 1
0.1768 116 36 1 11.97 1
0.2539  46 86  12 12.38 0.06 
