1.000000000000000000e+01 9.721153846153846034e-01
3.000000000000000000e+01 9.105769230769230616e-01
5.000000000000000000e+01 8.233360723089564459e-01
7.000000000000000000e+01 7.728852838933951697e-01
9.000000000000000000e+01 6.656716417910447658e-01
1.100000000000000000e+02 6.453382084095063975e-01
1.300000000000000000e+02 5.982721382289416523e-01
1.500000000000000000e+02 5.324999999999999734e-01
1.700000000000000000e+02 4.406779661016949068e-01
1.900000000000000000e+02 4.050632911392405000e-01
