-1.000000000000000056e-01 5.330000000000000016e-02 8.960000000000000187e-01 5.029999999999999749e-02 0.000000000000000000e+00 0.000000000000000000e+00 0.000000000000000000e+00 0.000000000000000000e+00 0.000000000000000000e+00 0.000000000000000000e+00 0.000000000000000000e+00 0.000000000000000000e+00 0.000000000000000000e+00 0.000000000000000000e+00
-2.000000000000000111e-01 5.290000000000000258e-02 8.900000000000000133e-01 5.680000000000000326e-02 0.000000000000000000e+00 0.000000000000000000e+00 0.000000000000000000e+00 0.000000000000000000e+00 0.000000000000000000e+00 0.000000000000000000e+00 0.000000000000000000e+00 0.000000000000000000e+00 0.000000000000000000e+00 0.000000000000000000e+00
-3.000000000000000444e-01 5.249999999999999806e-02 8.830000000000000071e-01 6.439999999999999891e-02 0.000000000000000000e+00 0.000000000000000000e+00 0.000000000000000000e+00 0.000000000000000000e+00 0.000000000000000000e+00 0.000000000000000000e+00 0.000000000000000000e+00 0.000000000000000000e+00 0.000000000000000000e+00 0.000000000000000000e+00
-4.000000000000000222e-01 5.199999999999999761e-02 8.750000000000000000e-01 7.309999999999999831e-02 0.000000000000000000e+00 0.000000000000000000e+00 0.000000000000000000e+00 0.000000000000000000e+00 0.000000000000000000e+00 0.000000000000000000e+00 0.000000000000000000e+00 0.000000000000000000e+00 0.000000000000000000e+00 0.000000000000000000e+00
-5.000000000000000000e-01 5.140000000000000124e-02 8.649999999999999911e-01 8.319999999999999618e-02 0.000000000000000000e+00 0.000000000000000000e+00 0.000000000000000000e+00 0.000000000000000000e+00 0.000000000000000000e+00 0.000000000000000000e+00 0.000000000000000000e+00 0.000000000000000000e+00 0.000000000000000000e+00 0.000000000000000000e+00
-5.999999999999999778e-01 5.079999999999999793e-02 8.539999999999999813e-01 9.500000000000000111e-02 1.039999999999999995e-06 0.000000000000000000e+00 0.000000000000000000e+00 0.000000000000000000e+00 0.000000000000000000e+00 0.000000000000000000e+00 0.000000000000000000e+00 0.000000000000000000e+00 0.000000000000000000e+00 0.000000000000000000e+00
-6.999999999999999556e-01 4.989999999999999991e-02 8.409999999999999698e-01 1.089999999999999997e-01 1.529999999999999963e-06 0.000000000000000000e+00 0.000000000000000000e+00 0.000000000000000000e+00 0.000000000000000000e+00 0.000000000000000000e+00 0.000000000000000000e+00 0.000000000000000000e+00 0.000000000000000000e+00 0.000000000000000000e+00
-7.999999999999999334e-01 4.900000000000000189e-02 8.259999999999999565e-01 1.250000000000000000e-01 2.290000000000000098e-06 0.000000000000000000e+00 0.000000000000000000e+00 0.000000000000000000e+00 0.000000000000000000e+00 0.000000000000000000e+00 0.000000000000000000e+00 0.000000000000000000e+00 0.000000000000000000e+00 0.000000000000000000e+00
-8.999999999999999112e-01 4.780000000000000221e-02 8.090000000000000524e-01 1.429999999999999882e-01 3.459999999999999907e-06 0.000000000000000000e+00 0.000000000000000000e+00 0.000000000000000000e+00 0.000000000000000000e+00 0.000000000000000000e+00 0.000000000000000000e+00 0.000000000000000000e+00 0.000000000000000000e+00 0.000000000000000000e+00
-9.999999999999998890e-01 4.649999999999999967e-02 7.890000000000000346e-01 1.650000000000000078e-01 5.319999999999999886e-06 0.000000000000000000e+00 0.000000000000000000e+00 0.000000000000000000e+00 0.000000000000000000e+00 0.000000000000000000e+00 0.000000000000000000e+00 0.000000000000000000e+00 0.000000000000000000e+00 0.000000000000000000e+00
-1.099999999999999867e+00 4.490000000000000241e-02 7.650000000000000133e-01 1.900000000000000022e-01 8.300000000000000154e-06 0.000000000000000000e+00 0.000000000000000000e+00 0.000000000000000000e+00 0.000000000000000000e+00 0.000000000000000000e+00 0.000000000000000000e+00 0.000000000000000000e+00 0.000000000000000000e+00 0.000000000000000000e+00
-1.199999999999999956e+00 4.309999999999999942e-02 7.389999999999999902e-01 2.179999999999999993e-01 1.309999999999999994e-05 0.000000000000000000e+00 0.000000000000000000e+00 0.000000000000000000e+00 0.000000000000000000e+00 0.000000000000000000e+00 0.000000000000000000e+00 0.000000000000000000e+00 0.000000000000000000e+00 0.000000000000000000e+00
-1.300000000000000044e+00 4.100000000000000172e-02 7.079999999999999627e-01 2.510000000000000009e-01 2.110000000000000127e-05 0.000000000000000000e+00 0.000000000000000000e+00 0.000000000000000000e+00 0.000000000000000000e+00 0.000000000000000000e+00 0.000000000000000000e+00 0.000000000000000000e+00 0.000000000000000000e+00 0.000000000000000000e+00
-1.400000000000000133e+00 3.869999999999999829e-02 6.730000000000000426e-01 2.879999999999999782e-01 3.419999999999999782e-05 0.000000000000000000e+00 0.000000000000000000e+00 0.000000000000000000e+00 0.000000000000000000e+00 0.000000000000000000e+00 0.000000000000000000e+00 0.000000000000000000e+00 0.000000000000000000e+00 0.000000000000000000e+00
-1.500000000000000222e+00 3.599999999999999728e-02 6.350000000000000089e-01 3.290000000000000147e-01 5.589999999999999673e-05 0.000000000000000000e+00 0.000000000000000000e+00 0.000000000000000000e+00 0.000000000000000000e+00 0.000000000000000000e+00 0.000000000000000000e+00 0.000000000000000000e+00 0.000000000000000000e+00 0.000000000000000000e+00
-1.600000000000000311e+00 3.309999999999999748e-02 5.929999999999999716e-01 3.739999999999999991e-01 9.239999999999999624e-05 0.000000000000000000e+00 0.000000000000000000e+00 0.000000000000000000e+00 0.000000000000000000e+00 0.000000000000000000e+00 0.000000000000000000e+00 0.000000000000000000e+00 0.000000000000000000e+00 0.000000000000000000e+00
-1.700000000000000400e+00 2.999999999999999889e-02 5.470000000000000417e-01 4.219999999999999862e-01 1.530000000000000056e-04 0.000000000000000000e+00 0.000000000000000000e+00 0.000000000000000000e+00 0.000000000000000000e+00 0.000000000000000000e+00 0.000000000000000000e+00 0.000000000000000000e+00 0.000000000000000000e+00 0.000000000000000000e+00
-1.800000000000000488e+00 2.670000000000000151e-02 5.000000000000000000e-01 4.729999999999999760e-01 2.550000000000000183e-04 0.000000000000000000e+00 0.000000000000000000e+00 0.000000000000000000e+00 0.000000000000000000e+00 0.000000000000000000e+00 0.000000000000000000e+00 0.000000000000000000e+00 0.000000000000000000e+00 0.000000000000000000e+00
-1.900000000000000577e+00 2.340000000000000066e-02 4.500000000000000111e-01 5.260000000000000231e-01 4.249999999999999763e-04 1.129999999999999981e-06 0.000000000000000000e+00 0.000000000000000000e+00 0.000000000000000000e+00 0.000000000000000000e+00 0.000000000000000000e+00 0.000000000000000000e+00 0.000000000000000000e+00 0.000000000000000000e+00
-2.000000000000000444e+00 2.009999999999999981e-02 4.010000000000000231e-01 5.779999999999999583e-01 7.069999999999999462e-04 1.940000000000000060e-06 0.000000000000000000e+00 0.000000000000000000e+00 0.000000000000000000e+00 0.000000000000000000e+00 0.000000000000000000e+00 0.000000000000000000e+00 0.000000000000000000e+00 0.000000000000000000e+00
-2.100000000000000533e+00 1.689999999999999836e-02 3.519999999999999796e-01 6.300000000000000044e-01 1.170000000000000033e-03 3.440000000000000098e-06 0.000000000000000000e+00 0.000000000000000000e+00 0.000000000000000000e+00 0.000000000000000000e+00 0.000000000000000000e+00 0.000000000000000000e+00 0.000000000000000000e+00 0.000000000000000000e+00
-2.200000000000000622e+00 1.389999999999999916e-02 3.059999999999999942e-01 6.780000000000000471e-01 1.940000000000000101e-03 6.330000000000000381e-06 0.000000000000000000e+00 0.000000000000000000e+00 0.000000000000000000e+00 0.000000000000000000e+00 0.000000000000000000e+00 0.000000000000000000e+00 0.000000000000000000e+00 0.000000000000000000e+00
-2.300000000000000711e+00 1.119999999999999989e-02 2.620000000000000107e-01 7.229999999999999760e-01 3.180000000000000101e-03 1.220000000000000008e-05 0.000000000000000000e+00 0.000000000000000000e+00 0.000000000000000000e+00 0.000000000000000000e+00 0.000000000000000000e+00 0.000000000000000000e+00 0.000000000000000000e+00 0.000000000000000000e+00
-2.400000000000000799e+00 8.810000000000000123e-03 2.220000000000000029e-01 7.640000000000000124e-01 5.179999999999999709e-03 2.460000000000000164e-05 0.000000000000000000e+00 0.000000000000000000e+00 0.000000000000000000e+00 0.000000000000000000e+00 0.000000000000000000e+00 0.000000000000000000e+00 0.000000000000000000e+00 0.000000000000000000e+00
-2.500000000000000888e+00 6.779999999999999569e-03 1.859999999999999987e-01 7.980000000000000426e-01 8.389999999999999888e-03 5.179999999999999871e-05 0.000000000000000000e+00 0.000000000000000000e+00 0.000000000000000000e+00 0.000000000000000000e+00 0.000000000000000000e+00 0.000000000000000000e+00 0.000000000000000000e+00 0.000000000000000000e+00
-2.600000000000000977e+00 5.100000000000000366e-03 1.549999999999999989e-01 8.269999999999999574e-01 1.349999999999999985e-02 1.119999999999999983e-04 0.000000000000000000e+00 0.000000000000000000e+00 0.000000000000000000e+00 0.000000000000000000e+00 0.000000000000000000e+00 0.000000000000000000e+00 0.000000000000000000e+00 0.000000000000000000e+00
-2.700000000000001066e+00 3.749999999999999861e-03 1.270000000000000018e-01 8.479999999999999760e-01 2.139999999999999888e-02 2.500000000000000052e-04 1.309999999999999951e-06 0.000000000000000000e+00 0.000000000000000000e+00 0.000000000000000000e+00 0.000000000000000000e+00 0.000000000000000000e+00 0.000000000000000000e+00 0.000000000000000000e+00
-2.800000000000001155e+00 2.690000000000000117e-03 1.029999999999999943e-01 8.599999999999999867e-01 3.370000000000000079e-02 5.599999999999999509e-04 3.769999999999999904e-06 0.000000000000000000e+00 0.000000000000000000e+00 0.000000000000000000e+00 0.000000000000000000e+00 0.000000000000000000e+00 0.000000000000000000e+00 0.000000000000000000e+00
-2.900000000000001243e+00 1.879999999999999944e-03 8.269999999999999574e-02 8.619999999999999885e-01 5.229999999999999927e-02 1.250000000000000026e-03 1.099999999999999971e-05 0.000000000000000000e+00 0.000000000000000000e+00 0.000000000000000000e+00 0.000000000000000000e+00 0.000000000000000000e+00 0.000000000000000000e+00 0.000000000000000000e+00
-3.000000000000001332e+00 1.280000000000000105e-03 6.539999999999999980e-02 8.509999999999999787e-01 7.969999999999999307e-02 2.759999999999999867e-03 3.229999999999999907e-05 0.000000000000000000e+00 0.000000000000000000e+00 0.000000000000000000e+00 0.000000000000000000e+00 0.000000000000000000e+00 0.000000000000000000e+00 0.000000000000000000e+00
-3.100000000000001421e+00 8.450000000000000479e-04 5.059999999999999915e-02 8.239999999999999547e-01 1.189999999999999947e-01 5.919999999999999915e-03 9.289999999999999484e-05 0.000000000000000000e+00 0.000000000000000000e+00 0.000000000000000000e+00 0.000000000000000000e+00 0.000000000000000000e+00 0.000000000000000000e+00 0.000000000000000000e+00
-3.200000000000001510e+00 5.379999999999999583e-04 3.819999999999999785e-02 7.770000000000000240e-01 1.719999999999999862e-01 1.230000000000000017e-02 2.590000000000000071e-04 1.970000000000000197e-06 0.000000000000000000e+00 0.000000000000000000e+00 0.000000000000000000e+00 0.000000000000000000e+00 0.000000000000000000e+00 0.000000000000000000e+00
-3.300000000000001599e+00 3.280000000000000038e-04 2.779999999999999832e-02 7.079999999999999627e-01 2.379999999999999893e-01 2.419999999999999929e-02 6.899999999999999667e-04 6.109999999999999946e-06 0.000000000000000000e+00 0.000000000000000000e+00 0.000000000000000000e+00 0.000000000000000000e+00 0.000000000000000000e+00 0.000000000000000000e+00
-3.400000000000001688e+00 1.900000000000000105e-04 1.940000000000000058e-02 6.189999999999999947e-01 3.150000000000000022e-01 4.490000000000000241e-02 1.719999999999999958e-03 1.800000000000000046e-05 0.000000000000000000e+00 0.000000000000000000e+00 0.000000000000000000e+00 0.000000000000000000e+00 0.000000000000000000e+00 0.000000000000000000e+00
-3.500000000000001776e+00 1.039999999999999936e-04 1.290000000000000001e-02 5.130000000000000115e-01 3.920000000000000151e-01 7.770000000000000517e-02 3.980000000000000031e-03 4.989999999999999997e-05 0.000000000000000000e+00 0.000000000000000000e+00 0.000000000000000000e+00 0.000000000000000000e+00 0.000000000000000000e+00 0.000000000000000000e+00
-3.600000000000001865e+00 5.310000000000000321e-05 8.049999999999999864e-03 4.020000000000000240e-01 4.570000000000000173e-01 1.239999999999999991e-01 8.449999999999999178e-03 1.279999999999999942e-04 1.689999999999999913e-06 0.000000000000000000e+00 0.000000000000000000e+00 0.000000000000000000e+00 0.000000000000000000e+00 0.000000000000000000e+00
-3.700000000000001954e+00 2.549999999999999980e-05 4.749999999999999882e-03 2.969999999999999862e-01 4.979999999999999982e-01 1.829999999999999960e-01 1.640000000000000138e-02 3.049999999999999868e-04 4.490000000000000210e-06 0.000000000000000000e+00 0.000000000000000000e+00 0.000000000000000000e+00 0.000000000000000000e+00 0.000000000000000000e+00
-3.800000000000002043e+00 1.160000000000000075e-05 2.660000000000000038e-03 2.079999999999999905e-01 5.080000000000000071e-01 2.510000000000000009e-01 2.949999999999999845e-02 6.729999999999999871e-04 1.110000000000000045e-05 0.000000000000000000e+00 0.000000000000000000e+00 0.000000000000000000e+00 0.000000000000000000e+00 0.000000000000000000e+00
-3.900000000000002132e+00 4.989999999999999658e-06 1.420000000000000038e-03 1.390000000000000124e-01 4.889999999999999902e-01 3.200000000000000067e-01 4.900000000000000189e-02 1.379999999999999933e-03 2.559999999999999884e-05 0.000000000000000000e+00 0.000000000000000000e+00 0.000000000000000000e+00 0.000000000000000000e+00 0.000000000000000000e+00
-4.000000000000001776e+00 2.060000000000000182e-06 7.259999999999999743e-04 8.930000000000000437e-02 4.460000000000000075e-01 3.850000000000000089e-01 7.620000000000000384e-02 2.670000000000000064e-03 5.580000000000000107e-05 2.160000000000000072e-06 0.000000000000000000e+00 0.000000000000000000e+00 0.000000000000000000e+00 0.000000000000000000e+00
