-1.000000000000000056e-01 5.269999999999999685e-02 8.860000000000000098e-01 6.140000000000000319e-02 0.000000000000000000e+00 0.000000000000000000e+00 0.000000000000000000e+00 0.000000000000000000e+00 0.000000000000000000e+00 0.000000000000000000e+00 0.000000000000000000e+00 0.000000000000000000e+00 0.000000000000000000e+00 0.000000000000000000e+00
-2.000000000000000111e-01 5.220000000000000334e-02 8.780000000000000027e-01 6.969999999999999807e-02 0.000000000000000000e+00 0.000000000000000000e+00 0.000000000000000000e+00 0.000000000000000000e+00 0.000000000000000000e+00 0.000000000000000000e+00 0.000000000000000000e+00 0.000000000000000000e+00 0.000000000000000000e+00 0.000000000000000000e+00
-3.000000000000000444e-01 5.170000000000000290e-02 8.689999999999999947e-01 7.929999999999999549e-02 0.000000000000000000e+00 0.000000000000000000e+00 0.000000000000000000e+00 0.000000000000000000e+00 0.000000000000000000e+00 0.000000000000000000e+00 0.000000000000000000e+00 0.000000000000000000e+00 0.000000000000000000e+00 0.000000000000000000e+00
-4.000000000000000222e-01 5.109999999999999959e-02 8.579999999999999849e-01 9.039999999999999425e-02 0.000000000000000000e+00 0.000000000000000000e+00 0.000000000000000000e+00 0.000000000000000000e+00 0.000000000000000000e+00 0.000000000000000000e+00 0.000000000000000000e+00 0.000000000000000000e+00 0.000000000000000000e+00 0.000000000000000000e+00
-5.000000000000000000e-01 5.029999999999999749e-02 8.459999999999999742e-01 1.029999999999999943e-01 1.300000000000000047e-06 0.000000000000000000e+00 0.000000000000000000e+00 0.000000000000000000e+00 0.000000000000000000e+00 0.000000000000000000e+00 0.000000000000000000e+00 0.000000000000000000e+00 0.000000000000000000e+00 0.000000000000000000e+00
-5.999999999999999778e-01 4.939999999999999947e-02 8.319999999999999618e-01 1.189999999999999947e-01 1.940000000000000060e-06 0.000000000000000000e+00 0.000000000000000000e+00 0.000000000000000000e+00 0.000000000000000000e+00 0.000000000000000000e+00 0.000000000000000000e+00 0.000000000000000000e+00 0.000000000000000000e+00 0.000000000000000000e+00
-6.999999999999999556e-01 4.839999999999999858e-02 8.159999999999999476e-01 1.360000000000000098e-01 2.919999999999999995e-06 0.000000000000000000e+00 0.000000000000000000e+00 0.000000000000000000e+00 0.000000000000000000e+00 0.000000000000000000e+00 0.000000000000000000e+00 0.000000000000000000e+00 0.000000000000000000e+00 0.000000000000000000e+00
-7.999999999999999334e-01 4.710000000000000298e-02 7.960000000000000409e-01 1.570000000000000007e-01 4.470000000000000401e-06 0.000000000000000000e+00 0.000000000000000000e+00 0.000000000000000000e+00 0.000000000000000000e+00 0.000000000000000000e+00 0.000000000000000000e+00 0.000000000000000000e+00 0.000000000000000000e+00 0.000000000000000000e+00
-8.999999999999999112e-01 4.569999999999999757e-02 7.740000000000000213e-01 1.799999999999999933e-01 6.950000000000000374e-06 0.000000000000000000e+00 0.000000000000000000e+00 0.000000000000000000e+00 0.000000000000000000e+00 0.000000000000000000e+00 0.000000000000000000e+00 0.000000000000000000e+00 0.000000000000000000e+00 0.000000000000000000e+00
-9.999999999999998890e-01 4.390000000000000152e-02 7.489999999999999991e-01 2.079999999999999905e-01 1.099999999999999971e-05 0.000000000000000000e+00 0.000000000000000000e+00 0.000000000000000000e+00 0.000000000000000000e+00 0.000000000000000000e+00 0.000000000000000000e+00 0.000000000000000000e+00 0.000000000000000000e+00 0.000000000000000000e+00
-1.099999999999999867e+00 4.200000000000000261e-02 7.189999999999999725e-01 2.389999999999999902e-01 1.749999999999999847e-05 0.000000000000000000e+00 0.000000000000000000e+00 0.000000000000000000e+00 0.000000000000000000e+00 0.000000000000000000e+00 0.000000000000000000e+00 0.000000000000000000e+00 0.000000000000000000e+00 0.000000000000000000e+00
-1.199999999999999956e+00 3.969999999999999918e-02 6.860000000000000542e-01 2.740000000000000213e-01 2.830000000000000010e-05 0.000000000000000000e+00 0.000000000000000000e+00 0.000000000000000000e+00 0.000000000000000000e+00 0.000000000000000000e+00 0.000000000000000000e+00 0.000000000000000000e+00 0.000000000000000000e+00 0.000000000000000000e+00
-1.300000000000000044e+00 3.719999999999999696e-02 6.490000000000000213e-01 3.140000000000000013e-01 4.619999999999999812e-05 0.000000000000000000e+00 0.000000000000000000e+00 0.000000000000000000e+00 0.000000000000000000e+00 0.000000000000000000e+00 0.000000000000000000e+00 0.000000000000000000e+00 0.000000000000000000e+00 0.000000000000000000e+00
-1.400000000000000133e+00 3.440000000000000002e-02 6.079999999999999849e-01 3.579999999999999849e-01 7.619999999999999549e-05 0.000000000000000000e+00 0.000000000000000000e+00 0.000000000000000000e+00 0.000000000000000000e+00 0.000000000000000000e+00 0.000000000000000000e+00 0.000000000000000000e+00 0.000000000000000000e+00 0.000000000000000000e+00
-1.500000000000000222e+00 3.130000000000000143e-02 5.639999999999999458e-01 4.050000000000000266e-01 1.259999999999999998e-04 0.000000000000000000e+00 0.000000000000000000e+00 0.000000000000000000e+00 0.000000000000000000e+00 0.000000000000000000e+00 0.000000000000000000e+00 0.000000000000000000e+00 0.000000000000000000e+00 0.000000000000000000e+00
-1.600000000000000311e+00 2.809999999999999998e-02 5.170000000000000151e-01 4.550000000000000155e-01 2.100000000000000087e-04 0.000000000000000000e+00 0.000000000000000000e+00 0.000000000000000000e+00 0.000000000000000000e+00 0.000000000000000000e+00 0.000000000000000000e+00 0.000000000000000000e+00 0.000000000000000000e+00 0.000000000000000000e+00
-1.700000000000000400e+00 2.479999999999999913e-02 4.680000000000000271e-01 5.070000000000000062e-01 3.510000000000000208e-04 0.000000000000000000e+00 0.000000000000000000e+00 0.000000000000000000e+00 0.000000000000000000e+00 0.000000000000000000e+00 0.000000000000000000e+00 0.000000000000000000e+00 0.000000000000000000e+00 0.000000000000000000e+00
-1.800000000000000488e+00 2.149999999999999828e-02 4.179999999999999827e-01 5.600000000000000533e-01 5.850000000000000165e-04 1.480000000000000018e-06 0.000000000000000000e+00 0.000000000000000000e+00 0.000000000000000000e+00 0.000000000000000000e+00 0.000000000000000000e+00 0.000000000000000000e+00 0.000000000000000000e+00 0.000000000000000000e+00
-1.900000000000000577e+00 1.820000000000000090e-02 3.689999999999999947e-01 6.119999999999999885e-01 9.709999999999999664e-04 2.609999999999999998e-06 0.000000000000000000e+00 0.000000000000000000e+00 0.000000000000000000e+00 0.000000000000000000e+00 0.000000000000000000e+00 0.000000000000000000e+00 0.000000000000000000e+00 0.000000000000000000e+00
-2.000000000000000444e+00 1.510000000000000057e-02 3.210000000000000075e-01 6.620000000000000329e-01 1.610000000000000103e-03 4.760000000000000166e-06 0.000000000000000000e+00 0.000000000000000000e+00 0.000000000000000000e+00 0.000000000000000000e+00 0.000000000000000000e+00 0.000000000000000000e+00 0.000000000000000000e+00 0.000000000000000000e+00
-2.100000000000000533e+00 1.230000000000000017e-02 2.770000000000000240e-01 7.079999999999999627e-01 2.639999999999999986e-03 9.079999999999999462e-06 0.000000000000000000e+00 0.000000000000000000e+00 0.000000000000000000e+00 0.000000000000000000e+00 0.000000000000000000e+00 0.000000000000000000e+00 0.000000000000000000e+00 0.000000000000000000e+00
-2.200000000000000622e+00 9.790000000000000091e-03 2.349999999999999867e-01 7.500000000000000000e-01 4.320000000000000055e-03 1.809999999999999950e-05 0.000000000000000000e+00 0.000000000000000000e+00 0.000000000000000000e+00 0.000000000000000000e+00 0.000000000000000000e+00 0.000000000000000000e+00 0.000000000000000000e+00 0.000000000000000000e+00
-2.300000000000000711e+00 7.609999999999999577e-03 1.980000000000000093e-01 7.870000000000000329e-01 7.020000000000000198e-03 3.789999999999999966e-05 0.000000000000000000e+00 0.000000000000000000e+00 0.000000000000000000e+00 0.000000000000000000e+00 0.000000000000000000e+00 0.000000000000000000e+00 0.000000000000000000e+00 0.000000000000000000e+00
-2.400000000000000799e+00 5.790000000000000008e-03 1.650000000000000078e-01 8.179999999999999494e-01 1.129999999999999928e-02 8.189999999999999852e-05 0.000000000000000000e+00 0.000000000000000000e+00 0.000000000000000000e+00 0.000000000000000000e+00 0.000000000000000000e+00 0.000000000000000000e+00 0.000000000000000000e+00 0.000000000000000000e+00
-2.500000000000000888e+00 4.300000000000000003e-03 1.360000000000000098e-01 8.409999999999999698e-01 1.799999999999999864e-02 1.810000000000000085e-04 0.000000000000000000e+00 0.000000000000000000e+00 0.000000000000000000e+00 0.000000000000000000e+00 0.000000000000000000e+00 0.000000000000000000e+00 0.000000000000000000e+00 0.000000000000000000e+00
-2.600000000000000977e+00 3.119999999999999944e-03 1.110000000000000014e-01 8.569999999999999840e-01 2.850000000000000103e-02 4.070000000000000267e-04 2.409999999999999796e-06 0.000000000000000000e+00 0.000000000000000000e+00 0.000000000000000000e+00 0.000000000000000000e+00 0.000000000000000000e+00 0.000000000000000000e+00 0.000000000000000000e+00
-2.700000000000001066e+00 2.210000000000000159e-03 8.939999999999999336e-02 8.629999999999999893e-01 4.440000000000000197e-02 9.129999999999999661e-04 7.050000000000000263e-06 0.000000000000000000e+00 0.000000000000000000e+00 0.000000000000000000e+00 0.000000000000000000e+00 0.000000000000000000e+00 0.000000000000000000e+00 0.000000000000000000e+00
-2.800000000000001155e+00 1.520000000000000084e-03 7.099999999999999367e-02 8.569999999999999840e-01 6.819999999999999674e-02 2.020000000000000094e-03 2.069999999999999832e-05 0.000000000000000000e+00 0.000000000000000000e+00 0.000000000000000000e+00 0.000000000000000000e+00 0.000000000000000000e+00 0.000000000000000000e+00 0.000000000000000000e+00
-2.900000000000001243e+00 1.020000000000000073e-03 5.550000000000000072e-02 8.369999999999999662e-01 1.029999999999999943e-01 4.400000000000000265e-03 6.019999999999999961e-05 0.000000000000000000e+00 0.000000000000000000e+00 0.000000000000000000e+00 0.000000000000000000e+00 0.000000000000000000e+00 0.000000000000000000e+00 0.000000000000000000e+00
-3.000000000000001332e+00 6.599999999999999964e-04 4.229999999999999732e-02 7.980000000000000426e-01 1.499999999999999944e-01 9.239999999999999949e-03 1.700000000000000122e-04 1.170000000000000021e-06 0.000000000000000000e+00 0.000000000000000000e+00 0.000000000000000000e+00 0.000000000000000000e+00 0.000000000000000000e+00 0.000000000000000000e+00
-3.100000000000001421e+00 4.099999999999999912e-04 3.130000000000000143e-02 7.379999999999999893e-01 2.119999999999999940e-01 1.859999999999999848e-02 4.620000000000000083e-04 3.700000000000000150e-06 0.000000000000000000e+00 0.000000000000000000e+00 0.000000000000000000e+00 0.000000000000000000e+00 0.000000000000000000e+00 0.000000000000000000e+00
-3.200000000000001510e+00 2.429999999999999977e-04 2.220000000000000098e-02 6.560000000000000275e-01 2.849999999999999756e-01 3.529999999999999805e-02 1.180000000000000059e-03 1.110000000000000045e-05 0.000000000000000000e+00 0.000000000000000000e+00 0.000000000000000000e+00 0.000000000000000000e+00 0.000000000000000000e+00 0.000000000000000000e+00
-3.300000000000001599e+00 1.359999999999999989e-04 1.499999999999999944e-02 5.550000000000000488e-01 3.639999999999999902e-01 6.270000000000000573e-02 2.809999999999999998e-03 3.169999999999999804e-05 0.000000000000000000e+00 0.000000000000000000e+00 0.000000000000000000e+00 0.000000000000000000e+00 0.000000000000000000e+00 0.000000000000000000e+00
-3.400000000000001688e+00 7.160000000000000565e-05 9.639999999999999264e-03 4.450000000000000067e-01 4.359999999999999987e-01 1.029999999999999943e-01 6.170000000000000137e-03 8.390000000000000647e-05 1.010000000000000071e-06 0.000000000000000000e+00 0.000000000000000000e+00 0.000000000000000000e+00 0.000000000000000000e+00 0.000000000000000000e+00
-3.500000000000001776e+00 3.539999999999999988e-05 5.830000000000000113e-03 3.370000000000000218e-01 4.869999999999999885e-01 1.570000000000000007e-01 1.239999999999999956e-02 2.059999999999999928e-04 2.770000000000000161e-06 0.000000000000000000e+00 0.000000000000000000e+00 0.000000000000000000e+00 0.000000000000000000e+00 0.000000000000000000e+00
-3.600000000000001865e+00 1.650000000000000127e-05 3.330000000000000061e-03 2.419999999999999929e-01 5.100000000000000089e-01 2.210000000000000020e-01 2.290000000000000022e-02 4.670000000000000214e-04 7.029999999999999608e-06 0.000000000000000000e+00 0.000000000000000000e+00 0.000000000000000000e+00 0.000000000000000000e+00 0.000000000000000000e+00
-3.700000000000001954e+00 7.259999999999999947e-06 1.809999999999999977e-03 1.650000000000000078e-01 5.030000000000000027e-01 2.899999999999999800e-01 3.919999999999999873e-02 9.879999999999999460e-04 1.660000000000000031e-05 0.000000000000000000e+00 0.000000000000000000e+00 0.000000000000000000e+00 0.000000000000000000e+00 0.000000000000000000e+00
-3.800000000000002043e+00 3.059999999999999925e-06 9.460000000000000093e-04 1.079999999999999988e-01 4.689999999999999725e-01 3.569999999999999840e-01 6.260000000000000286e-02 1.959999999999999937e-03 3.710000000000000054e-05 1.300000000000000047e-06 0.000000000000000000e+00 0.000000000000000000e+00 0.000000000000000000e+00 0.000000000000000000e+00
-3.900000000000002132e+00 1.239999999999999986e-06 4.769999999999999934e-04 6.819999999999999674e-02 4.179999999999999827e-01 4.159999999999999809e-01 9.400000000000000022e-02 3.660000000000000059e-03 7.889999999999999336e-05 3.210000000000000183e-06 0.000000000000000000e+00 0.000000000000000000e+00 0.000000000000000000e+00 0.000000000000000000e+00
-4.000000000000001776e+00 4.859999999999999844e-07 2.329999999999999986e-04 4.179999999999999688e-02 3.559999999999999831e-01 4.610000000000000209e-01 1.340000000000000080e-01 6.510000000000000162e-03 1.610000000000000103e-04 7.570000000000000367e-06 0.000000000000000000e+00 0.000000000000000000e+00 0.000000000000000000e+00 0.000000000000000000e+00
