-1.000000000000000056e-01 5.199999999999999761e-02 8.739999999999999991e-01 7.409999999999999920e-02 0.000000000000000000e+00 0.000000000000000000e+00 0.000000000000000000e+00 0.000000000000000000e+00 0.000000000000000000e+00 0.000000000000000000e+00 0.000000000000000000e+00 0.000000000000000000e+00 0.000000000000000000e+00 0.000000000000000000e+00
-2.000000000000000111e-01 5.149999999999999717e-02 8.639999999999999902e-01 8.450000000000000566e-02 0.000000000000000000e+00 0.000000000000000000e+00 0.000000000000000000e+00 0.000000000000000000e+00 0.000000000000000000e+00 0.000000000000000000e+00 0.000000000000000000e+00 0.000000000000000000e+00 0.000000000000000000e+00 0.000000000000000000e+00
-3.000000000000000444e-01 5.079999999999999793e-02 8.529999999999999805e-01 9.650000000000000244e-02 1.049999999999999900e-06 0.000000000000000000e+00 0.000000000000000000e+00 0.000000000000000000e+00 0.000000000000000000e+00 0.000000000000000000e+00 0.000000000000000000e+00 0.000000000000000000e+00 0.000000000000000000e+00 0.000000000000000000e+00
-4.000000000000000222e-01 5.000000000000000278e-02 8.399999999999999689e-01 1.100000000000000006e-01 1.549999999999999983e-06 0.000000000000000000e+00 0.000000000000000000e+00 0.000000000000000000e+00 0.000000000000000000e+00 0.000000000000000000e+00 0.000000000000000000e+00 0.000000000000000000e+00 0.000000000000000000e+00 0.000000000000000000e+00
-5.000000000000000000e-01 4.900000000000000189e-02 8.239999999999999547e-01 1.270000000000000018e-01 2.319999999999999810e-06 0.000000000000000000e+00 0.000000000000000000e+00 0.000000000000000000e+00 0.000000000000000000e+00 0.000000000000000000e+00 0.000000000000000000e+00 0.000000000000000000e+00 0.000000000000000000e+00 0.000000000000000000e+00
-5.999999999999999778e-01 4.789999999999999813e-02 8.060000000000000497e-01 1.459999999999999909e-01 3.530000000000000084e-06 0.000000000000000000e+00 0.000000000000000000e+00 0.000000000000000000e+00 0.000000000000000000e+00 0.000000000000000000e+00 0.000000000000000000e+00 0.000000000000000000e+00 0.000000000000000000e+00 0.000000000000000000e+00
-6.999999999999999556e-01 4.660000000000000253e-02 7.860000000000000320e-01 1.680000000000000104e-01 5.450000000000000336e-06 0.000000000000000000e+00 0.000000000000000000e+00 0.000000000000000000e+00 0.000000000000000000e+00 0.000000000000000000e+00 0.000000000000000000e+00 0.000000000000000000e+00 0.000000000000000000e+00 0.000000000000000000e+00
-7.999999999999999334e-01 4.499999999999999833e-02 7.620000000000000107e-01 1.930000000000000049e-01 8.539999999999999550e-06 0.000000000000000000e+00 0.000000000000000000e+00 0.000000000000000000e+00 0.000000000000000000e+00 0.000000000000000000e+00 0.000000000000000000e+00 0.000000000000000000e+00 0.000000000000000000e+00 0.000000000000000000e+00
-8.999999999999999112e-01 4.309999999999999942e-02 7.339999999999999858e-01 2.220000000000000029e-01 1.360000000000000023e-05 0.000000000000000000e+00 0.000000000000000000e+00 0.000000000000000000e+00 0.000000000000000000e+00 0.000000000000000000e+00 0.000000000000000000e+00 0.000000000000000000e+00 0.000000000000000000e+00 0.000000000000000000e+00
-9.999999999999998890e-01 4.100000000000000172e-02 7.029999999999999583e-01 2.560000000000000053e-01 2.180000000000000134e-05 0.000000000000000000e+00 0.000000000000000000e+00 0.000000000000000000e+00 0.000000000000000000e+00 0.000000000000000000e+00 0.000000000000000000e+00 0.000000000000000000e+00 0.000000000000000000e+00 0.000000000000000000e+00
-1.099999999999999867e+00 3.869999999999999829e-02 6.680000000000000382e-01 2.929999999999999827e-01 3.550000000000000231e-05 0.000000000000000000e+00 0.000000000000000000e+00 0.000000000000000000e+00 0.000000000000000000e+00 0.000000000000000000e+00 0.000000000000000000e+00 0.000000000000000000e+00 0.000000000000000000e+00 0.000000000000000000e+00
-1.199999999999999956e+00 3.599999999999999728e-02 6.290000000000000036e-01 3.350000000000000200e-01 5.840000000000000329e-05 0.000000000000000000e+00 0.000000000000000000e+00 0.000000000000000000e+00 0.000000000000000000e+00 0.000000000000000000e+00 0.000000000000000000e+00 0.000000000000000000e+00 0.000000000000000000e+00 0.000000000000000000e+00
-1.300000000000000044e+00 3.309999999999999748e-02 5.859999999999999654e-01 3.810000000000000053e-01 9.660000000000000346e-05 0.000000000000000000e+00 0.000000000000000000e+00 0.000000000000000000e+00 0.000000000000000000e+00 0.000000000000000000e+00 0.000000000000000000e+00 0.000000000000000000e+00 0.000000000000000000e+00 0.000000000000000000e+00
-1.400000000000000133e+00 2.999999999999999889e-02 5.400000000000000355e-01 4.299999999999999933e-01 1.610000000000000103e-04 0.000000000000000000e+00 0.000000000000000000e+00 0.000000000000000000e+00 0.000000000000000000e+00 0.000000000000000000e+00 0.000000000000000000e+00 0.000000000000000000e+00 0.000000000000000000e+00 0.000000000000000000e+00
-1.500000000000000222e+00 2.670000000000000151e-02 4.919999999999999929e-01 4.809999999999999831e-01 2.680000000000000090e-04 0.000000000000000000e+00 0.000000000000000000e+00 0.000000000000000000e+00 0.000000000000000000e+00 0.000000000000000000e+00 0.000000000000000000e+00 0.000000000000000000e+00 0.000000000000000000e+00 0.000000000000000000e+00
-1.600000000000000311e+00 2.340000000000000066e-02 4.430000000000000049e-01 5.340000000000000302e-01 4.470000000000000232e-04 1.049999999999999900e-06 0.000000000000000000e+00 0.000000000000000000e+00 0.000000000000000000e+00 0.000000000000000000e+00 0.000000000000000000e+00 0.000000000000000000e+00 0.000000000000000000e+00 0.000000000000000000e+00
-1.700000000000000400e+00 2.009999999999999981e-02 3.930000000000000160e-01 5.859999999999999654e-01 7.439999999999999782e-04 1.819999999999999939e-06 0.000000000000000000e+00 0.000000000000000000e+00 0.000000000000000000e+00 0.000000000000000000e+00 0.000000000000000000e+00 0.000000000000000000e+00 0.000000000000000000e+00 0.000000000000000000e+00
-1.800000000000000488e+00 1.689999999999999836e-02 3.449999999999999734e-01 6.370000000000000107e-01 1.229999999999999974e-03 3.279999999999999936e-06 0.000000000000000000e+00 0.000000000000000000e+00 0.000000000000000000e+00 0.000000000000000000e+00 0.000000000000000000e+00 0.000000000000000000e+00 0.000000000000000000e+00 0.000000000000000000e+00
-1.900000000000000577e+00 1.389999999999999916e-02 2.979999999999999871e-01 6.860000000000000542e-01 2.040000000000000147e-03 6.139999999999999659e-06 0.000000000000000000e+00 0.000000000000000000e+00 0.000000000000000000e+00 0.000000000000000000e+00 0.000000000000000000e+00 0.000000000000000000e+00 0.000000000000000000e+00 0.000000000000000000e+00
-2.000000000000000444e+00 1.119999999999999989e-02 2.550000000000000044e-01 7.299999999999999822e-01 3.340000000000000087e-03 1.209999999999999935e-05 0.000000000000000000e+00 0.000000000000000000e+00 0.000000000000000000e+00 0.000000000000000000e+00 0.000000000000000000e+00 0.000000000000000000e+00 0.000000000000000000e+00 0.000000000000000000e+00
-2.100000000000000533e+00 8.850000000000000228e-03 2.159999999999999976e-01 7.700000000000000178e-01 5.449999999999999983e-03 2.479999999999999972e-05 0.000000000000000000e+00 0.000000000000000000e+00 0.000000000000000000e+00 0.000000000000000000e+00 0.000000000000000000e+00 0.000000000000000000e+00 0.000000000000000000e+00 0.000000000000000000e+00
-2.200000000000000622e+00 6.830000000000000134e-03 1.809999999999999942e-01 8.030000000000000471e-01 8.810000000000000123e-03 5.300000000000000078e-05 0.000000000000000000e+00 0.000000000000000000e+00 0.000000000000000000e+00 0.000000000000000000e+00 0.000000000000000000e+00 0.000000000000000000e+00 0.000000000000000000e+00 0.000000000000000000e+00
-2.300000000000000711e+00 5.150000000000000064e-03 1.499999999999999944e-01 8.309999999999999609e-01 1.409999999999999969e-02 1.169999999999999979e-04 0.000000000000000000e+00 0.000000000000000000e+00 0.000000000000000000e+00 0.000000000000000000e+00 0.000000000000000000e+00 0.000000000000000000e+00 0.000000000000000000e+00 0.000000000000000000e+00
-2.400000000000000799e+00 3.799999999999999992e-03 1.229999999999999982e-01 8.509999999999999787e-01 2.239999999999999977e-02 2.610000000000000015e-04 1.309999999999999951e-06 0.000000000000000000e+00 0.000000000000000000e+00 0.000000000000000000e+00 0.000000000000000000e+00 0.000000000000000000e+00 0.000000000000000000e+00 0.000000000000000000e+00
-2.500000000000000888e+00 2.729999999999999788e-03 9.959999999999999409e-02 8.619999999999999885e-01 3.520000000000000212e-02 5.869999999999999567e-04 3.819999999999999848e-06 0.000000000000000000e+00 0.000000000000000000e+00 0.000000000000000000e+00 0.000000000000000000e+00 0.000000000000000000e+00 0.000000000000000000e+00 0.000000000000000000e+00
-2.600000000000000977e+00 1.920000000000000049e-03 7.979999999999999594e-02 8.619999999999999885e-01 5.449999999999999983e-02 1.309999999999999967e-03 1.119999999999999949e-05 0.000000000000000000e+00 0.000000000000000000e+00 0.000000000000000000e+00 0.000000000000000000e+00 0.000000000000000000e+00 0.000000000000000000e+00 0.000000000000000000e+00
-2.700000000000001066e+00 1.309999999999999967e-03 6.289999999999999758e-02 8.499999999999999778e-01 8.290000000000000147e-02 2.890000000000000208e-03 3.300000000000000253e-05 0.000000000000000000e+00 0.000000000000000000e+00 0.000000000000000000e+00 0.000000000000000000e+00 0.000000000000000000e+00 0.000000000000000000e+00 0.000000000000000000e+00
-2.800000000000001155e+00 8.649999999999999920e-04 4.859999999999999737e-02 8.209999999999999520e-01 1.229999999999999982e-01 6.179999999999999730e-03 9.500000000000000523e-05 0.000000000000000000e+00 0.000000000000000000e+00 0.000000000000000000e+00 0.000000000000000000e+00 0.000000000000000000e+00 0.000000000000000000e+00 0.000000000000000000e+00
-2.900000000000001243e+00 5.519999999999999733e-04 3.660000000000000059e-02 7.730000000000000204e-01 1.769999999999999907e-01 1.269999999999999948e-02 2.640000000000000202e-04 1.870000000000000095e-06 0.000000000000000000e+00 0.000000000000000000e+00 0.000000000000000000e+00 0.000000000000000000e+00 0.000000000000000000e+00 0.000000000000000000e+00
-3.000000000000001332e+00 3.359999999999999814e-04 2.659999999999999865e-02 7.019999999999999574e-01 2.449999999999999956e-01 2.489999999999999852e-02 6.980000000000000527e-04 5.800000000000000373e-06 0.000000000000000000e+00 0.000000000000000000e+00 0.000000000000000000e+00 0.000000000000000000e+00 0.000000000000000000e+00 0.000000000000000000e+00
-3.100000000000001421e+00 1.949999999999999965e-04 1.849999999999999908e-02 6.109999999999999876e-01 3.220000000000000084e-01 4.590000000000000330e-02 1.729999999999999984e-03 1.709999999999999891e-05 0.000000000000000000e+00 0.000000000000000000e+00 0.000000000000000000e+00 0.000000000000000000e+00 0.000000000000000000e+00 0.000000000000000000e+00
-3.200000000000001510e+00 1.060000000000000016e-04 1.220000000000000077e-02 5.050000000000000044e-01 4.000000000000000222e-01 7.879999999999999505e-02 3.959999999999999978e-03 4.699999999999999724e-05 0.000000000000000000e+00 0.000000000000000000e+00 0.000000000000000000e+00 0.000000000000000000e+00 0.000000000000000000e+00 0.000000000000000000e+00
-3.300000000000001599e+00 5.440000000000000093e-05 7.629999999999999630e-03 3.950000000000000178e-01 4.640000000000000235e-01 1.250000000000000000e-01 8.330000000000000598e-03 1.200000000000000030e-04 1.459999999999999997e-06 0.000000000000000000e+00 0.000000000000000000e+00 0.000000000000000000e+00 0.000000000000000000e+00 0.000000000000000000e+00
-3.400000000000001688e+00 2.619999999999999987e-05 4.499999999999999660e-03 2.919999999999999818e-01 5.030000000000000027e-01 1.839999999999999969e-01 1.609999999999999973e-02 2.849999999999999886e-04 3.860000000000000312e-06 0.000000000000000000e+00 0.000000000000000000e+00 0.000000000000000000e+00 0.000000000000000000e+00 0.000000000000000000e+00
-3.500000000000001776e+00 1.189999999999999957e-05 2.520000000000000104e-03 2.049999999999999878e-01 5.130000000000000115e-01 2.500000000000000000e-01 2.869999999999999982e-02 6.260000000000000373e-04 9.490000000000000619e-06 0.000000000000000000e+00 0.000000000000000000e+00 0.000000000000000000e+00 0.000000000000000000e+00 0.000000000000000000e+00
-3.600000000000001865e+00 5.159999999999999724e-06 1.350000000000000071e-03 1.370000000000000107e-01 4.939999999999999947e-01 3.190000000000000058e-01 4.750000000000000056e-02 1.280000000000000105e-03 2.190000000000000039e-05 0.000000000000000000e+00 0.000000000000000000e+00 0.000000000000000000e+00 0.000000000000000000e+00 0.000000000000000000e+00
-3.700000000000001954e+00 2.139999999999999840e-06 6.939999999999999555e-04 8.880000000000000393e-02 4.510000000000000120e-01 3.830000000000000071e-01 7.380000000000000449e-02 2.480000000000000000e-03 4.780000000000000313e-05 1.729999999999999953e-06 0.000000000000000000e+00 0.000000000000000000e+00 0.000000000000000000e+00 0.000000000000000000e+00
-3.800000000000002043e+00 8.579999999999999802e-07 3.460000000000000076e-04 5.550000000000000072e-02 3.950000000000000178e-01 4.359999999999999987e-01 1.079999999999999988e-01 4.539999999999999765e-03 9.990000000000000236e-05 4.189999999999999694e-06 0.000000000000000000e+00 0.000000000000000000e+00 0.000000000000000000e+00 0.000000000000000000e+00
-3.900000000000002132e+00 3.339999999999999997e-07 1.679999999999999907e-04 3.379999999999999671e-02 3.320000000000000173e-01 4.749999999999999778e-01 1.509999999999999953e-01 7.919999999999999957e-03 2.010000000000000068e-04 9.700000000000000302e-06 0.000000000000000000e+00 0.000000000000000000e+00 0.000000000000000000e+00 0.000000000000000000e+00
-4.000000000000001776e+00 1.259999999999999901e-07 7.930000000000000308e-05 2.009999999999999981e-02 2.690000000000000169e-01 4.959999999999999964e-01 2.010000000000000120e-01 1.319999999999999993e-02 3.899999999999999929e-04 2.159999999999999987e-05 0.000000000000000000e+00 0.000000000000000000e+00 0.000000000000000000e+00 0.000000000000000000e+00
