1.0000e+09 4.2594e-05 4.2605e-05 4.2607e-05 4.2607e-05
1.2328e+09 5.2508e-05 5.2525e-05 5.2527e-05 5.2528e-05
1.5199e+09 6.4727e-05 6.4754e-05 6.4757e-05 6.4758e-05
1.8738e+09 7.9789e-05 7.9829e-05 7.9834e-05 7.9835e-05
2.3101e+09 9.8353e-05 9.8413e-05 9.8421e-05 9.8423e-05
2.8480e+09 1.2123e-04 1.2132e-04 1.2133e-04 1.2134e-04
3.5112e+09 1.4942e-04 1.4956e-04 1.4958e-04 1.4959e-04
4.3288e+09 1.8417e-04 1.8438e-04 1.8440e-04 1.8441e-04
5.3367e+09 2.2697e-04 2.2729e-04 2.2733e-04 2.2734e-04
6.5793e+09 2.7970e-04 2.8019e-04 2.8025e-04 2.8027e-04
8.1113e+09 3.4464e-04 3.4538e-04 3.4548e-04 3.4550e-04
1.0000e+10 4.2461e-04 4.2574e-04 4.2588e-04 4.2592e-04
1.2328e+10 5.2305e-04 5.2477e-04 5.2499e-04 5.2505e-04
1.5199e+10 6.4420e-04 6.4681e-04 6.4714e-04 6.4723e-04
1.8738e+10 7.9322e-04 7.9719e-04 7.9768e-04 7.9783e-04
2.3101e+10 9.7644e-04 9.8246e-04 9.8321e-04 9.8344e-04
2.8480e+10 1.2016e-03 1.2107e-03 1.2118e-03 1.2122e-03
3.5112e+10 1.4779e-03 1.4918e-03 1.4935e-03 1.4940e-03
4.3288e+10 1.8169e-03 1.8379e-03 1.8405e-03 1.8413e-03
5.3367e+10 2.2322e-03 2.2640e-03 2.2680e-03 2.2692e-03
6.5793e+10 2.7402e-03 2.7883e-03 2.7944e-03 2.7962e-03
8.1113e+10 3.3605e-03 3.4333e-03 3.4425e-03 3.4453e-03
1.0000e+11 4.1163e-03 4.2262e-03 4.2402e-03 4.2444e-03
1.2328e+11 5.0346e-03 5.2004e-03 5.2216e-03 5.2279e-03
1.5199e+11 6.1467e-03 6.3963e-03 6.4284e-03 6.4381e-03
1.8738e+11 7.4880e-03 7.8630e-03 7.9116e-03 7.9263e-03
2.3101e+11 9.0976e-03 9.6597e-03 9.7332e-03 9.7554e-03
2.8480e+11 1.1018e-02 1.1857e-02 1.1968e-02 1.2002e-02
3.5112e+11 1.3291e-02 1.4540e-02 1.4708e-02 1.4759e-02
4.3288e+11 1.5958e-02 1.7808e-02 1.8061e-02 1.8138e-02
5.3367e+11 1.9053e-02 2.1778e-02 2.2159e-02 2.2275e-02
6.5793e+11 2.2599e-02 2.6584e-02 2.7156e-02 2.7331e-02
8.1113e+11 2.6598e-02 3.2379e-02 3.3234e-02 3.3498e-02
1.0000e+12 3.1026e-02 3.9329e-02 4.0606e-02 4.1001e-02
1.2328e+12 3.5826e-02 4.7615e-02 4.9511e-02 5.0103e-02
1.5199e+12 4.0902e-02 5.7418e-02 6.0221e-02 6.1103e-02
1.8738e+12 4.6129e-02 6.8912e-02 7.3028e-02 7.4338e-02
2.3101e+12 5.1361e-02 8.2237e-02 8.8237e-02 9.0172e-02
2.8480e+12 5.6453e-02 9.7484e-02 1.0615e-01 1.0899e-01
3.5112e+12 6.1287e-02 1.1466e-01 1.2703e-01 1.3117e-01
4.3288e+12 6.5794e-02 1.3364e-01 1.5108e-01 1.5705e-01
5.3367e+12 6.9962e-02 1.5417e-01 1.7838e-01 1.8689e-01
6.5793e+12 7.3822e-02 1.7583e-01 2.0883e-01 2.2080e-01
8.1113e+12 7.7429e-02 1.9809e-01 2.4213e-01 2.5870e-01
1.0000e+13 8.0837e-02 2.2030e-01 2.7769e-01 3.0021e-01
1.2328e+13 8.4090e-02 2.4186e-01 3.1470e-01 3.4464e-01
1.5199e+13 8.7220e-02 2.6228e-01 3.5214e-01 3.9098e-01
1.8738e+13 9.0250e-02 2.8127e-01 3.8895e-01 4.3799e-01
2.3101e+13 9.3199e-02 2.9880e-01 4.2420e-01 4.8431e-01
2.8480e+13 9.6083e-02 3.1500e-01 4.5722e-01 5.2876e-01
3.5112e+13 9.8919e-02 3.3012e-01 4.8776e-01 5.7046e-01
4.3288e+13 1.0172e-01 3.4436e-01 5.1594e-01 6.0907e-01
5.3367e+13 1.0450e-01 3.5791e-01 5.4210e-01 6.4467e-01
6.5793e+13 1.0728e-01 3.7090e-01 5.6661e-01 6.7769e-01
8.1113e+13 1.1007e-01 3.8340e-01 5.8983e-01 7.0861e-01
1.0000e+14 1.1290e-01 3.9548e-01 6.1200e-01 7.3786e-01
1.2328e+14 1.1577e-01 4.0720e-01 6.3327e-01 7.6577e-01
1.5199e+14 1.1873e-01 4.1861e-01 6.5379e-01 7.9254e-01
1.8738e+14 1.2180e-01 4.2973e-01 6.7363e-01 8.1833e-01
2.3101e+14 1.2501e-01 4.4062e-01 6.9289e-01 8.4327e-01
2.8480e+14 1.2841e-01 4.5130e-01 7.1163e-01 8.6746e-01
3.5112e+14 1.3204e-01 4.6181e-01 7.2990e-01 8.9098e-01
4.3288e+14 1.3596e-01 4.7218e-01 7.4776e-01 9.1390e-01
5.3367e+14 1.4023e-01 4.8244e-01 7.6527e-01 9.3628e-01
6.5793e+14 1.4495e-01 4.9264e-01 7.8245e-01 9.5819e-01
8.1113e+14 1.5020e-01 5.0280e-01 7.9936e-01 9.7967e-01
1.0000e+15 1.5609e-01 5.1299e-01 8.1605e-01 1.0008e+00
1.2328e+15 1.6276e-01 5.2324e-01 8.3256e-01 1.0216e+00
1.5199e+15 1.7036e-01 5.3362e-01 8.4894e-01 1.0421e+00
1.8738e+15 1.7908e-01 5.4419e-01 8.6525e-01 1.0624e+00
2.3101e+15 1.8910e-01 5.5504e-01 8.8155e-01 1.0826e+00
2.8480e+15 2.0067e-01 5.6626e-01 8.9791e-01 1.1027e+00
3.5112e+15 2.1404e-01 5.7796e-01 9.1441e-01 1.1228e+00
4.3288e+15 2.2950e-01 5.9029e-01 9.3114e-01 1.1429e+00
5.3367e+15 2.4736e-01 6.0340e-01 9.4822e-01 1.1632e+00
6.5793e+15 2.6795e-01 6.1748e-01 9.6577e-01 1.1838e+00
8.1113e+15 2.9161e-01 6.3278e-01 9.8396e-01 1.2048e+00
1.0000e+16 3.1870e-01 6.4957e-01 1.0030e+00 1.2264e+00
1.2328e+16 3.4958e-01 6.6818e-01 1.0230e+00 1.2487e+00
1.5199e+16 3.8462e-01 6.8901e-01 1.0444e+00 1.2720e+00
1.8738e+16 4.2417e-01 7.1253e-01 1.0673e+00 1.2966e+00
2.3101e+16 4.6864e-01 7.3929e-01 1.0923e+00 1.3227e+00
2.8480e+16 5.1843e-01 7.6996e-01 1.1198e+00 1.3508e+00
3.5112e+16 5.7401e-01 8.0528e-01 1.1503e+00 1.3813e+00
4.3288e+16 6.3591e-01 8.4613e-01 1.1845e+00 1.4148e+00
5.3367e+16 7.0476e-01 8.9354e-01 1.2232e+00 1.4519e+00
6.5793e+16 7.8126e-01 9.4862e-01 1.2673e+00 1.4935e+00
8.1113e+16 8.6621e-01 1.0127e+00 1.3179e+00 1.5404e+00
1.0000e+17 9.6049e-01 1.0870e+00 1.3763e+00 1.5939e+00
1.2328e+17 1.0651e+00 1.1732e+00 1.4439e+00 1.6553e+00
1.5199e+17 1.1812e+00 1.2729e+00 1.5225e+00 1.7260e+00
1.8738e+17 1.3099e+00 1.3875e+00 1.6139e+00 1.8080e+00
2.3101e+17 1.4525e+00 1.5189e+00 1.7204e+00 1.9033e+00
2.8480e+17 1.6107e+00 1.6685e+00 1.8443e+00 2.0142e+00
3.5112e+17 1.7859e+00 1.8382e+00 1.9882e+00 2.1435e+00
4.3288e+17 1.9800e+00 2.0295e+00 2.1547e+00 2.2940e+00
5.3367e+17 2.1950e+00 2.2443e+00 2.3467e+00 2.4690e+00
6.5793e+17 2.4329e+00 2.4844e+00 2.5670e+00 2.6718e+00
8.1113e+17 2.6962e+00 2.7522e+00 2.8183e+00 2.9060e+00
1.0000e+18 2.9875e+00 3.0501e+00 3.1037e+00 3.1752e+00
